$SPEC_ID:
Scatter
$SPEC_REM:
DET# 2
DETDESC# JLAB-9 MCB 136
AP# Maestro Version 7.01
$DATE_MEA:
11/18/2022 13:47:13
$MEAS_TIM:
380 384
$DATA:
0 2047
       0
       0
       0
       0
       0
       0
       0
       0
       0
       0
       0
       0
       0
       0
       0
       0
       0
       0
       0
       0
       0
       0
       0
       0
       0
       0
       0
       0
       0
       0
       0
       0
       0
       0
       0
       0
       0
       0
       0
       0
       0
       0
       0
       0
       0
       0
       0
       0
       0
       0
       0
       0
       0
       0
       0
       0
       0
       0
       0
       0
       0
       0
       0
       0
       0
       0
       0
       0
       0
       0
       0
       0
       0
       0
       0
       0
       0
       0
       0
       0
       0
      39
     137
     119
     122
     133
     137
     125
     138
     142
     114
     131
     148
     149
     145
     142
     130
     126
     127
     126
     131
     123
     123
     132
     130
     111
     116
     111
      99
     111
     111
     139
     129
     136
     113
     105
     128
     127
     139
     115
     118
     126
     136
     151
     133
     144
     122
     126
     129
     135
     121
     125
     136
     134
     133
     119
     141
     135
     113
     149
     122
     147
     165
     145
     170
     148
     157
     152
     154
     145
     162
     160
     135
     154
     139
     164
     146
     148
     179
     181
     175
     196
     161
     159
     146
     169
     179
     158
     155
     179
     171
     183
     164
     199
     173
     182
     179
     167
     194
     178
     216
     195
     171
     185
     212
     216
     202
     210
     199
     206
     178
     213
     199
     230
     204
     224
     210
     228
     197
     247
     254
     222
     214
     246
     234
     226
     227
     223
     231
     240
     242
     206
     222
     248
     254
     264
     243
     234
     219
     208
     226
     266
     236
     195
     224
     247
     196
     267
     232
     224
     242
     239
     239
     227
     231
     229
     247
     209
     240
     240
     267
     249
     243
     250
     210
     268
     277
     228
     257
     240
     230
     239
     231
     243
     220
     234
     253
     255
     235
     248
     221
     268
     240
     276
     256
     216
     254
     267
     283
     219
     254
     253
     228
     242
     230
     258
     221
     225
     257
     272
     240
     250
     270
     232
     281
     253
     228
     259
     280
     277
     255
     239
     249
     284
     268
     259
     244
     275
     269
     273
     262
     235
     277
     246
     255
     263
     237
     257
     245
     271
     273
     257
     249
     243
     272
     262
     256
     257
     246
     264
     232
     241
     250
     234
     252
     232
     268
     253
     249
     244
     215
     225
     256
     263
     225
     252
     256
     261
     254
     268
     212
     246
     245
     266
     235
     247
     219
     236
     248
     254
     236
     259
     228
     236
     226
     264
     224
     231
     240
     227
     244
     245
     242
     229
     242
     217
     266
     248
     267
     255
     240
     216
     243
     252
     231
     243
     233
     245
     246
     224
     257
     265
     238
     279
     237
     245
     235
     207
     224
     221
     225
     221
     254
     250
     236
     212
     226
     245
     230
     253
     227
     231
     240
     248
     229
     235
     237
     233
     223
     221
     227
     212
     244
     219
     267
     228
     234
     228
     223
     224
     217
     243
     248
     234
     203
     266
     235
     207
     212
     239
     248
     217
     213
     264
     217
     242
     252
     196
     213
     232
     209
     236
     204
     241
     252
     216
     217
     246
     248
     242
     203
     234
     212
     213
     237
     236
     246
     228
     234
     232
     244
     225
     248
     262
     223
     255
     279
     233
     252
     229
     225
     234
     241
     226
     231
     260
     212
     213
     243
     226
     217
     259
     247
     245
     239
     237
     233
     266
     230
     270
     247
     248
     236
     291
     243
     228
     223
     242
     253
     239
     248
     234
     242
     241
     228
     212
     236
     252
     235
     231
     257
     239
     246
     220
     199
     229
     223
     209
     212
     224
     218
     229
     228
     216
     211
     227
     234
     200
     242
     202
     224
     240
     204
     245
     217
     211
     219
     223
     220
     216
     208
     204
     211
     205
     248
     211
     195
     199
     213
     196
     183
     190
     203
     203
     190
     188
     208
     204
     180
     197
     202
     231
     191
     216
     177
     188
     231
     204
     189
     205
     206
     217
     193
     228
     225
     199
     209
     188
     222
     215
     169
     190
     201
     192
     183
     195
     181
     182
     181
     182
     175
     182
     183
     195
     196
     187
     180
     199
     202
     173
     171
     198
     197
     169
     189
     178
     206
     160
     168
     185
     189
     193
     182
     196
     161
     178
     191
     166
     186
     196
     170
     169
     160
     183
     173
     152
     167
     191
     195
     139
     164
     192
     152
     178
     157
     147
     175
     174
     169
     166
     163
     187
     159
     167
     164
     157
     149
     179
     167
     168
     169
     153
     155
     165
     144
     160
     168
     159
     181
     158
     168
     156
     164
     152
     167
     168
     149
     139
     131
     156
     148
     148
     170
     145
     146
     157
     170
     153
     164
     156
     149
     158
     182
     152
     148
     145
     135
     143
     157
     157
     140
     162
     132
     151
     137
     150
     122
     152
     124
     181
     163
     149
     144
     157
     165
     148
     148
     130
     123
     146
     133
     131
     147
     138
     132
     144
     135
     144
     134
     152
     150
     128
     138
     148
     152
     137
     129
     121
     140
     152
     157
     139
     148
     153
     150
     133
     147
     140
     176
     134
     144
     134
     132
     149
     117
     116
     138
     123
     151
     173
     144
     131
     134
     139
     161
     137
     131
     133
     140
     127
     139
     142
     129
     139
     162
     131
     130
     147
     146
     122
     151
     144
     130
     110
     148
     128
     157
     136
     148
     133
     129
     134
     134
     135
     138
     133
     143
     128
     131
     146
     143
     127
     136
     137
     159
     136
     157
     140
     147
     120
     108
     112
     130
     124
     143
     131
     146
     128
     138
     124
     112
     157
     130
     140
     116
     137
     134
     147
     123
     114
     132
     130
     147
     140
     114
     135
     143
     122
     140
     122
     136
     130
     121
     137
     139
     138
     129
     152
     123
     127
     135
     127
     142
     128
     130
     155
     151
     147
     134
     138
     131
     125
     114
     116
     122
     141
     127
     130
     131
     119
     146
     134
     139
     139
     120
     136
     136
     123
     142
     147
     156
     134
     142
     127
     115
     112
     156
     133
     139
     150
     132
     133
     134
     135
     121
     141
     117
     135
     130
     132
     151
     125
     131
     122
     137
     140
     123
     118
     103
     120
     139
     134
     156
     120
     130
     124
     142
     120
     130
     123
     143
     149
     114
     131
     118
     122
     120
     124
     124
     131
     119
     129
     133
     126
     107
     113
     132
     125
     112
     132
     128
     109
     128
     139
     130
     122
     122
     111
     131
     113
     115
     143
     121
     120
     106
     127
     130
     115
     136
     130
     121
     121
     123
     124
     114
     123
     124
     144
     112
     143
     127
     130
     124
     116
     130
     131
     113
     134
     122
     136
     120
     124
     123
     109
     121
     112
     107
     115
     111
     126
     134
     142
     144
     116
     135
     121
     119
     149
     130
     143
     118
     129
     108
     119
     100
     123
     117
     117
     116
     137
     124
     136
     132
     127
     127
     116
     125
     128
     118
     116
     116
     134
     123
     142
     130
     111
     151
     132
     134
     111
     145
     135
     119
     124
     147
     124
     109
     108
     125
     132
     131
     142
     153
     112
     126
     119
     118
     133
     127
     132
     124
     103
     137
     129
     133
     139
     124
     116
      99
     132
     130
     137
     143
     124
     100
     109
     130
     132
     132
     111
     129
     121
     130
     153
     129
     124
     122
     133
     109
     124
     121
     142
     125
     121
     126
     123
     125
     105
     117
     118
      97
     111
     131
     109
     127
     109
     110
     121
     118
     124
     106
     110
     111
     109
     121
      96
     111
     112
     122
     120
     118
     107
     114
     113
     130
     100
     126
     120
     110
     101
     121
     109
     124
     119
     102
     112
     103
     110
     115
     114
     114
     109
     130
     105
      98
     116
     122
     102
      98
     101
      96
     110
     106
      99
     120
     118
      95
      96
      97
      93
      77
      81
     107
      86
      85
      82
     105
      89
      98
      93
      74
      98
      84
      99
      88
      92
      81
      87
      96
      78
      81
      82
      85
      67
      86
      77
      77
      73
      86
      84
      82
      81
      72
      95
      77
      79
      67
      67
      72
      82
      74
      74
      76
      70
      85
      64
      73
      54
      81
      56
      70
      68
      61
      63
      59
      63
      51
      54
      63
      67
      58
      67
      62
      57
      56
      54
      63
      48
      59
      58
      60
      51
      62
      55
      52
      65
      54
      50
      55
      54
      53
      55
      52
      52
      45
      39
      74
      58
      58
      37
      51
      38
      55
      46
      48
      47
      51
      44
      61
      50
      51
      37
      57
      47
      42
      46
      49
      45
      53
      56
      56
      64
      54
      54
      40
      48
      46
      42
      40
      59
      37
      48
      39
      43
      69
      54
      54
      44
      47
      44
      41
      37
      53
      39
      45
      65
      44
      44
      39
      42
      46
      40
      57
      45
      60
      48
      46
      43
      34
      47
      46
      51
      58
      37
      43
      44
      43
      43
      44
      55
      37
      41
      34
      32
      56
      57
      53
      42
      50
      41
      44
      45
      57
      42
      46
      38
      47
      38
      45
      35
      47
      45
      34
      40
      34
      29
      44
      30
      35
      37
      49
      39
      45
      43
      33
      47
      44
      48
      49
      43
      38
      47
      53
      39
      38
      30
      32
      49
      38
      35
      38
      45
      33
      37
      44
      37
      39
      33
      40
      38
      30
      34
      51
      36
      39
      34
      41
      40
      48
      40
      40
      46
      40
      33
      29
      39
      37
      37
      47
      51
      50
      33
      37
      28
      36
      56
      38
      29
      43
      32
      47
      41
      34
      41
      47
      40
      33
      34
      36
      41
      45
      45
      29
      38
      35
      48
      39
      52
      39
      32
      41
      33
      52
      43
      45
      45
      47
      50
      46
      39
      48
      32
      32
      40
      38
      46
      31
      42
      52
      44
      43
      51
      44
      38
      50
      32
      47
      29
      45
      32
      40
      43
      52
      48
      44
      48
      54
      53
      40
      35
      36
      39
      45
      45
      59
      45
      56
      46
      45
      51
      53
      42
      46
      60
      45
      58
      45
      60
      53
      40
      44
      50
      48
      54
      52
      52
      55
      47
      50
      57
      53
      44
      49
      66
      55
      68
      54
      72
      56
      58
      64
      59
      66
      56
      57
      62
      59
      53
      83
      75
      63
      67
      75
      58
      62
      63
      94
      80
      86
      75
      79
     110
      87
      92
      93
      98
      79
     131
     104
     116
     123
     110
     110
     108
     113
     132
     120
     133
     136
     114
     114
     138
     149
     181
     135
     136
     138
     164
     151
     183
     161
     178
     201
     165
     190
     197
     192
     215
     216
     205
     212
     204
     229
     266
     243
     245
     231
     259
     285
     254
     277
     284
     299
     288
     322
     344
     310
     320
     336
     345
     329
     353
     369
     348
     377
     351
     385
     380
     374
     427
     410
     464
     462
     442
     454
     422
     445
     476
     482
     510
     483
     517
     516
     514
     566
     558
     567
     532
     564
     571
     542
     570
     570
     551
     583
     616
     600
     602
     576
     610
     601
     633
     634
     569
     631
     678
     639
     665
     659
     646
     638
     683
     658
     610
     639
     680
     685
     649
     634
     678
     628
     659
     677
     661
     611
     671
     623
     639
     660
     681
     625
     624
     713
     634
     599
     598
     590
     593
     598
     583
     624
     555
     564
     580
     566
     574
     524
     545
     555
     543
     525
     512
     505
     454
     468
     474
     440
     434
     462
     423
     422
     416
     434
     413
     366
     410
     352
     349
     340
     336
     342
     341
     304
     279
     330
     323
     288
     277
     240
     261
     236
     262
     221
     234
     211
     223
     196
     165
     180
     170
     162
     162
     162
     168
     147
     170
     133
     151
     133
     139
      99
     114
     126
      89
      92
      95
      94
      97
      91
      94
      80
      71
      71
      72
      70
      46
      66
      50
      69
      55
      52
      42
      33
      36
      41
      40
      41
      43
      29
      33
      31
      40
      23
      31
      23
      28
      22
      26
      20
      17
       8
      23
      15
      18
      26
      18
      10
      15
      14
      13
      15
      13
      14
       5
      15
      12
      19
       7
      12
      11
       8
      10
      13
      13
       6
       5
       8
       3
       4
      11
       9
       6
      10
       7
       7
      11
       9
       7
      11
       2
       8
       9
       3
      12
      12
       5
       3
       7
       8
       3
       7
      11
      10
       5
      10
       6
       5
       3
      13
       5
       6
      10
       4
       5
       7
       8
       4
       9
       8
       0
       4
       4
       8
       5
       9
       1
       5
       8
       2
       5
       3
       6
       8
       6
       5
       6
       6
       6
       6
       9
       3
       9
       4
       3
       7
       4
       9
       7
       6
       4
       3
       5
       8
       8
      10
       3
      10
      10
       7
       5
      11
       6
       9
       8
       7
       7
      10
       8
      10
       7
       7
       6
       3
       4
       5
       4
       2
       6
       4
       5
       5
       4
       4
       4
       8
      11
       7
       7
       6
       6
       7
       5
       9
       5
       5
       9
       6
       6
       2
       7
       7
       6
       5
       3
       7
       9
       8
       3
       4
       4
       3
       4
       1
       9
       3
       4
       6
       6
       9
      10
       8
       5
       9
      11
       4
       5
       4
       8
       6
       4
       9
       5
       3
       5
       8
       6
       1
       2
       5
       4
       8
       4
       6
       8
       3
       7
       2
       5
       8
       7
       7
       3
       6
       7
      13
       6
       7
       5
       3
       6
       7
       9
       4
       4
       7
       9
       4
       4
       7
       7
       7
       6
       2
       4
       9
       9
       6
       6
       7
       4
       8
       3
       2
       4
       7
       9
       6
       4
       5
       8
       3
       5
       9
       9
       4
       6
       6
       4
       1
       6
       6
       5
       5
       6
       4
       1
       5
       3
       5
       2
       7
       4
       7
       3
       1
       6
       0
       0
       0
       0
       0
       0
       0
       0
       0
       0
       0
       0
       0
       0
       0
       0
       0
       0
       0
       0
       0
       0
       0
       0
       0
       0
       0
       0
       0
       0
       0
       0
$ROI:
0
$PRESETS:
None
0
0
$ENER_FIT:
0.000000 0.376604
$MCA_CAL:
3
0.000000E+000 3.766040E-001 0.000000E+000 keV
$SHAPE_CAL:
3
9.515098E+001 0.000000E+000 0.000000E+000
