$SPEC_ID:
Target
$SPEC_REM:
DET# 1
DETDESC# JLAB-9 MCB 135
AP# Maestro Version 7.01
$DATE_MEA:
11/21/2022 16:01:00
$MEAS_TIM:
470 490
$DATA:
0 2047
       0
       0
       0
       0
       0
       0
       0
       0
       0
       0
       0
       0
       0
       0
       0
       0
       0
       0
       0
       0
       0
       0
       0
       0
       0
       0
       0
       0
       0
       0
       0
       0
       0
       0
       0
       0
       0
       0
       0
       0
       0
       0
       0
       0
       0
       0
       0
       0
       0
       0
       0
       0
       0
       0
       0
       0
       0
       0
       0
       0
       0
       0
       0
       0
       0
       0
       0
       0
       0
       0
       0
       0
       0
       0
       0
       0
       0
       0
       0
       0
       0
       1
       1
       0
       0
       0
       1
       1
       0
       0
       0
       0
       1
       1
       0
       0
       0
       2
       0
       1
       0
       0
       0
       1
       1
       0
       0
       0
       0
       0
       0
       0
       1
       0
       0
       0
       1
       0
       0
       1
       0
       1
       0
       0
       0
       1
       0
       0
       0
       1
       0
       0
       0
       1
       0
       0
       0
       1
       0
       0
       0
       0
       0
       0
       0
       0
       0
       0
       0
       1
       1
       0
       0
       1
       0
       0
       1
       0
       1
       0
       0
       1
       0
       0
       0
       0
       0
       1
       0
       0
       0
       0
       2
       1
       1
       1
       2
       1
       0
       1
       1
       2
       1
       1
       0
       1
       0
       0
       1
       1
       2
       0
       0
       3
       1
       0
       4
       1
       2
       1
       2
       0
       1
       1
       1
       2
       0
       0
       1
       2
       1
       0
       0
       1
       0
       2
       3
       4
       1
       0
       1
       2
       2
       2
       1
       2
       4
       2
       1
       1
       0
       0
       0
       1
       2
       1
       1
       3
       3
       2
       2
       3
       4
       2
       3
       4
       2
       3
       1
       3
       2
       1
       2
       2
       1
       0
       0
       1
       2
       2
       3
       1
       4
       1
       3
       0
       3
       2
       1
       5
       5
       1
       2
       4
       2
       1
       1
       1
       2
       5
       1
       1
       5
       3
       1
       0
       2
       1
       1
       0
       0
       5
       3
       5
       2
       1
       5
       2
       2
       2
       6
       1
       4
       1
       4
       2
       2
       3
       2
       3
       3
       1
       4
       2
       2
       3
       2
       1
       3
       3
       1
       3
       4
       2
       4
       2
       4
       2
       4
       3
       6
       5
       4
       2
       3
       3
       4
       5
       4
       1
       4
       1
       5
       1
       3
       3
       0
       2
       2
       0
       3
       4
       5
       6
       1
       4
       3
       4
       7
       2
       3
       4
       1
       2
       5
       4
       5
       1
       5
       4
       7
       3
       2
       3
       4
       4
       5
       3
       5
       4
       6
       2
       4
       1
       5
       3
       5
       3
       3
       7
       8
       4
       5
       4
       4
       2
       6
       7
       4
       3
       8
       3
       8
       1
       6
       5
       3
       6
       7
       1
       7
       6
       7
       7
       9
       7
       4
      13
       8
       5
       4
       4
       7
       8
       5
       6
       6
       6
       9
       5
       7
       4
       6
       6
       4
       4
       8
       6
       6
       7
       3
       7
      10
       9
       4
       6
       9
       9
       2
       9
      11
      10
       9
       6
       5
      11
       7
       9
       9
       3
       7
      13
       9
       9
       8
       9
       8
       8
       7
      10
      10
       6
      10
      10
      11
       9
      12
      18
      10
       8
      12
       7
       9
       5
       7
       3
       8
      13
      13
      10
      13
      13
      14
      12
      14
      10
      12
      10
      16
       9
      16
      11
      12
       7
      14
      12
       9
       7
      11
       7
      10
       7
      11
      14
       9
      10
      12
      14
      10
      14
       6
      14
      22
      10
      15
       8
      10
       6
      13
      14
      10
      15
      13
      11
      11
       8
      11
       7
       8
      10
      16
      14
      10
       9
      15
      15
       9
       5
      12
       9
       6
       6
      12
       8
       8
      14
      12
       7
      11
       8
      10
      13
      13
      12
      16
      13
      11
       5
       9
      13
       8
      12
      12
       7
      15
      10
      12
      10
      12
      14
       6
       7
       8
      11
      10
       7
      14
       8
      12
      12
       6
       8
      10
      14
      10
      11
       5
      10
       4
       6
      18
       9
      13
       3
      10
      10
      11
      13
      11
       5
       9
       8
      12
       3
       9
       6
       4
       8
      10
       7
      11
       6
       7
       9
       9
       7
       5
       7
       9
      13
       3
      14
       6
       6
       8
      10
      10
       8
       3
      15
       4
       8
       7
       9
       6
      10
       6
       5
       7
       8
       5
       6
       8
       7
       4
       7
       7
       2
       5
       2
       6
       8
       5
       5
       7
       2
       4
       6
       7
       3
       4
       6
       7
       6
       4
       3
       3
       4
       5
       5
       6
       7
       3
       4
       9
       2
       4
       5
       3
       8
       6
       4
      10
       5
       3
       4
       3
       1
       1
       5
       7
       2
       5
       4
       3
       4
       5
       5
       2
       5
      10
       3
       1
       1
       5
       4
       4
       2
       5
       5
       3
       2
       1
       3
       3
       3
       3
       2
       3
       3
       1
       5
       3
       2
       0
       3
       4
       2
       4
       3
       3
       9
       5
       3
       3
       4
       5
       3
       2
       3
       6
       7
       2
       1
       1
       4
       5
       5
       3
       4
       1
       6
       4
       4
       7
       1
       3
       2
       4
       4
       2
       3
       4
       4
       2
       2
       2
       4
       2
       7
       1
       3
       4
       1
       2
       2
       4
       3
       1
       4
       3
       3
       2
       1
       3
       1
       3
       2
       0
       3
       3
       1
       1
       8
       1
       1
       4
       2
       5
       1
       1
       4
       0
       3
       1
       1
       2
       3
       2
       2
       6
       0
       4
       2
       4
       1
       5
       5
       3
       3
       2
       0
       3
       2
       1
       3
       2
       1
       0
       3
       4
       0
       1
       1
       1
       1
       2
       2
       2
       1
       3
       4
       5
       2
       4
       1
       2
       0
       1
       2
       5
       1
       3
       2
       4
       2
       4
       2
       4
       1
       1
       3
       3
       1
       2
       4
       2
       0
       0
       0
       1
       1
       4
       3
       1
       0
       2
       3
       4
       1
       0
       3
       2
       4
       2
       2
       3
       1
       2
       0
       0
       3
       2
       0
       1
       1
       0
       1
       1
       1
       3
       0
       2
       2
       1
       3
       2
       1
       3
       2
       1
       1
       3
       1
       2
       1
       1
       1
       1
       1
       3
       3
       0
       2
       1
       3
       2
       1
       0
       4
       2
       2
       4
       0
       2
       0
       2
       0
       1
       4
       2
       2
       1
       2
       0
       4
       2
       3
       2
       3
       2
       0
       5
       4
       3
       0
       1
       3
       1
       1
       1
       2
       3
       0
       0
       5
       4
       2
       2
       2
       3
       1
       2
       3
       2
       1
       5
       3
       0
       4
       1
       1
       3
       1
       2
       3
       3
       1
       1
       1
       0
       0
       0
       0
       3
       0
       2
       2
       1
       0
       1
       0
       1
       3
       5
       0
       2
       3
       2
       2
       4
       1
       3
       1
       1
       1
       1
       2
       3
       3
       1
       0
       2
       2
       1
       1
       2
       1
       2
       1
       2
       4
       1
       2
       3
       1
       0
       1
       1
       3
       2
       1
       0
       1
       0
       1
       1
       3
       3
       0
       1
       1
       3
       3
       0
       1
       3
       3
       1
       0
       1
       0
       1
       2
       3
       1
       1
       0
       3
       0
       1
       0
       1
       2
       3
       2
       1
       2
       2
       2
       2
       2
       1
       2
       2
       3
       0
       0
       0
       0
       1
       1
       2
       0
       0
       2
       0
       1
       1
       1
       1
       3
       0
       0
       2
       2
       2
       2
       1
       1
       1
       0
       0
       1
       0
       1
       0
       3
       2
       1
       0
       0
       0
       1
       0
       1
       0
       1
       1
       0
       0
       2
       3
       0
       0
       0
       0
       2
       2
       0
       0
       0
       2
       0
       0
       1
       2
       1
       0
       2
       0
       0
       1
       0
       1
       0
       0
       0
       0
       0
       1
       0
       1
       0
       1
       0
       1
       0
       0
       0
       0
       1
       1
       3
       0
       0
       2
       1
       0
       0
       0
       0
       1
       1
       0
       0
       1
       0
       0
       0
       0
       1
       0
       0
       0
       0
       1
       0
       0
       0
       0
       0
       2
       1
       0
       0
       1
       0
       0
       0
       0
       0
       2
       1
       1
       0
       2
       1
       0
       1
       0
       1
       0
       1
       1
       0
       0
       1
       1
       1
       1
       0
       0
       1
       0
       0
       0
       1
       0
       0
       0
       0
       0
       0
       0
       0
       1
       0
       0
       1
       0
       1
       0
       0
       0
       0
       1
       0
       0
       0
       0
       0
       1
       1
       0
       0
       2
       0
       0
       1
       0
       0
       0
       0
       1
       1
       0
       0
       0
       0
       1
       0
       0
       0
       0
       0
       1
       0
       0
       0
       0
       0
       0
       0
       1
       0
       0
       0
       0
       1
       1
       0
       1
       2
       1
       0
       0
       0
       0
       0
       0
       0
       0
       0
       0
       0
       0
       0
       0
       0
       0
       1
       0
       0
       1
       0
       0
       0
       0
       0
       0
       0
       0
       0
       0
       0
       0
       0
       1
       0
       0
       0
       0
       0
       0
       1
       0
       0
       0
       0
       0
       0
       0
       1
       0
       0
       0
       0
       0
       0
       1
       0
       0
       0
       0
       0
       0
       0
       0
       0
       0
       0
       0
       0
       0
       0
       0
       0
       0
       0
       0
       0
       0
       0
       0
       0
       0
       0
       0
       0
       0
       0
       0
       0
       0
       1
       1
       0
       0
       0
       1
       0
       0
       1
       0
       0
       0
       1
       0
       0
       0
       0
       0
       0
       1
       1
       0
       0
       1
       1
       0
       0
       2
       1
       0
       0
       0
       0
       0
       1
       0
       1
       0
       2
       0
       0
       0
       1
       1
       1
       0
       0
       0
       0
       1
       1
       0
       0
       1
       0
       1
       0
       0
       0
       0
       0
       1
       2
       0
       1
       1
       2
       1
       0
       3
       0
       1
       2
       0
       1
       1
       0
       0
       0
       1
       0
       0
       1
       0
       1
       0
       1
       0
       2
       0
       0
       0
       2
       1
       2
       0
       1
       3
       2
       3
       0
       2
       3
       1
       0
       2
       0
       1
       0
       2
       1
       1
       0
       3
       3
       1
       0
       1
       2
       1
       0
       2
       2
       2
       2
       3
       1
       6
       0
       2
       1
       1
       2
       2
       2
       1
       3
       0
       1
       3
       5
       1
       2
       1
       3
       2
       5
       1
       1
       3
       1
       3
       2
       1
       1
       1
       2
       3
       3
       3
       0
       3
       5
       1
       0
       5
       0
       1
       2
       2
       4
       1
       1
       1
       1
       0
       0
       0
       0
       2
       0
       1
       0
       0
       2
       0
       0
       2
       0
       3
       1
       0
       1
       1
       0
       0
       1
       0
       1
       2
       1
       1
       2
       0
       0
       0
       3
       0
       0
       0
       2
       0
       0
       0
       0
       1
       0
       0
       0
       2
       0
       1
       0
       1
       1
       0
       0
       0
       0
       0
       0
       0
       0
       0
       1
       0
       0
       0
       1
       1
       0
       0
       0
       0
       1
       0
       0
       0
       0
       0
       0
       0
       0
       0
       0
       0
       0
       0
       0
       0
       0
       0
       0
       0
       0
       0
       0
       0
       0
       0
       0
       0
       0
       0
       0
       0
       0
       0
       0
       0
       0
       0
       0
       0
       0
       0
       0
       0
       0
       0
       0
       0
       0
       0
       0
       0
       0
       0
       0
       0
       0
       0
       0
       0
       0
       0
       0
       0
       0
       0
       0
       0
       0
       0
       0
       0
       0
       0
       0
       0
       0
       0
       0
       0
       0
       0
       0
       0
       0
       0
       0
       0
       0
       0
       0
       0
       0
       0
       0
       0
       0
       0
       0
       0
       0
       0
       0
       0
       0
       0
       0
       0
       0
       0
       0
       0
       0
       0
       0
       0
       0
       0
       0
       0
       0
       0
       0
       0
       0
       0
       0
       0
       0
       0
       0
       0
       1
       0
       0
       0
       0
       0
       0
       0
       0
       0
       0
       0
       0
       0
       0
       0
       0
       0
       0
       0
       0
       0
       0
       0
       0
       0
       0
       0
       1
       0
       0
       0
       0
       0
       0
       0
       0
       0
       0
       0
       0
       0
       0
       0
       0
       0
       0
       1
       0
       0
       0
       0
       0
       0
       0
       0
       0
       0
       0
       0
       0
       1
       0
       0
       0
       0
       0
       0
       0
       0
       0
       0
       0
       0
       0
       0
       0
       0
       0
       0
       0
       0
       0
       0
       0
       0
       0
       0
       0
       1
       0
       0
       0
       0
       0
       0
       0
       0
       0
       0
       0
       0
       0
       0
       0
       0
       0
       0
       0
       0
       0
       0
       0
       0
       0
       0
       0
       0
       0
       0
       0
       0
       0
       0
       0
       0
       0
       0
       0
       0
       0
       0
       0
       0
       0
       0
       0
       0
       0
       0
       0
       0
       0
       0
       0
       0
       0
       0
       0
       0
       0
       0
       0
       0
       0
       0
       0
       0
       0
       0
       0
       0
       0
       0
       0
       0
       0
       0
       0
       0
       0
       0
       0
       0
       0
       0
       0
       0
       0
       0
       0
       0
       0
       0
       0
       0
       0
       0
       0
       0
       1
       0
       0
       0
       0
       0
       0
       0
       0
       0
       0
       1
       0
       0
       0
       0
       0
       0
       0
       0
       0
       0
       0
       0
       0
       0
       0
       0
       0
       0
       0
       0
       0
       0
       0
       1
       0
       0
       0
       0
       0
       0
       0
       0
       0
       0
       0
       0
       0
       0
       0
       0
       0
       0
       0
       0
       0
       0
       0
       0
       0
       0
       0
       0
       0
       0
       0
       0
       0
       0
       0
       0
       0
       0
       0
       0
       0
$ROI:
0
$PRESETS:
None
0
0
$ENER_FIT:
0.000000 0.376289
$MCA_CAL:
3
0.000000E+000 3.762887E-001 0.000000E+000 keV
$SHAPE_CAL:
3
1.061399E+002 0.000000E+000 0.000000E+000
