$SPEC_ID:
Target
$SPEC_REM:
DET# 1
DETDESC# JLAB-9 MCB 135
AP# Maestro Version 7.01
$DATE_MEA:
11/14/2022 16:28:56
$MEAS_TIM:
586 612
$DATA:
0 2047
       0
       0
       0
       0
       0
       0
       0
       0
       0
       0
       0
       0
       0
       0
       0
       0
       0
       0
       0
       0
       0
       0
       0
       0
       0
       0
       0
       0
       0
       0
       0
       0
       0
       0
       0
       0
       0
       0
       0
       0
       0
       0
       0
       0
       0
       0
       0
       0
       0
       0
       0
       0
       0
       0
       0
       0
       0
       0
       0
       0
       0
       0
       0
       0
       0
       0
       0
       0
       0
       0
       0
       0
       0
       0
       0
       0
       0
       0
       0
       0
       0
       1
       1
       1
       3
       1
       0
       1
       2
       1
       0
       2
       1
       0
       1
       1
       0
       1
       0
       3
       1
       2
       0
       4
       0
       0
       2
       2
       1
       1
       1
       1
       1
       2
       0
       1
       1
       0
       0
       2
       2
       1
       1
       2
       0
       1
       0
       2
       2
       1
       1
       0
       1
       0
       2
       1
       1
       0
       4
       2
       2
       1
       3
       0
       2
       1
       1
       3
       0
       2
       2
       0
       2
       3
       1
       3
       4
       4
       1
       1
       2
       1
       1
       4
       2
       1
       2
       2
       2
       3
       1
       2
       0
       1
       3
       0
       2
       2
       1
       3
       5
       2
       2
       2
       1
       1
       1
       2
       0
       3
       3
       1
       1
       3
       2
       1
       2
       1
       0
       1
       2
       0
       3
       1
       2
       2
       5
       2
       5
       2
       4
       2
       1
       1
       4
       2
       0
       1
       2
       5
       3
       4
       3
       4
       4
       2
       3
       2
       2
       3
       5
       3
       3
       3
       4
       2
       5
       2
       5
       1
       2
       5
       2
       6
       3
       3
       3
       1
       1
       4
       2
       3
       3
       1
       0
       1
       5
       4
       5
       1
       1
       7
       2
       3
       3
       2
       4
       1
       3
       1
       0
       0
       2
       2
       2
       1
       3
       3
       3
       2
       4
       3
       4
       2
       4
       3
       3
       3
       5
       4
       2
       1
       4
       0
       6
       3
       0
       0
       1
       2
       0
       6
       6
       1
       5
       2
       3
       4
       3
       2
       6
       0
       2
       2
       2
       3
       0
       4
       5
       0
       2
       4
       1
       1
       2
       3
       2
       0
       7
       4
       5
       1
       4
       4
       1
       3
       2
       6
       2
       3
       3
       3
       9
       2
       4
       3
       3
       3
       1
       3
       4
       5
       3
       2
       6
       2
       6
       2
       2
       1
       4
       4
       3
       3
       2
       4
       2
       2
       0
       6
       4
       2
       2
       1
       2
       3
       1
       2
       2
       4
       5
       5
       3
       6
       3
       3
       3
       1
       3
       1
       2
       4
       1
       3
       3
       4
       1
       3
       2
       6
       3
       2
       2
       5
       2
       3
       2
       1
       0
       2
       1
       0
       2
       5
       3
       3
       4
       5
       2
       2
       3
       2
       5
       3
       8
       2
       2
       2
       3
       3
       2
       3
       1
       4
       2
       2
       2
       5
       0
       2
       2
       3
       2
       1
       1
       4
       3
       4
       6
       4
       5
       2
       6
       3
       1
       1
       3
       0
       0
       5
       4
       1
       2
       4
       1
       3
       3
       5
       3
       6
       5
       1
       0
       5
       3
       1
       3
       4
       1
       1
       8
       7
       7
       2
       1
       4
       7
       4
       3
       0
       1
       4
       4
       3
       4
       4
       8
       3
       7
       4
       3
       2
       0
       2
       6
       2
       1
       1
       3
       8
       3
       5
       3
       9
       3
       5
       2
       2
       5
       1
       2
       3
       3
       5
       3
       5
       4
       5
       1
       2
       2
       4
       8
       4
       4
       5
       3
       2
       2
       6
       4
       2
       2
       2
       1
       4
       5
       3
       4
       5
       4
       3
       2
       2
       3
       0
       5
       4
       7
       5
       4
       6
       4
       4
       4
       3
       3
       1
       2
       2
       2
       7
       7
       5
       3
       3
       5
       3
       3
       2
       2
       2
       2
       6
       6
       2
       2
       4
       6
       7
       3
       2
       4
       4
       1
       3
       2
       1
       3
       3
       5
       3
       5
       3
       1
       2
       3
       1
       6
       7
       2
       4
       3
       3
       5
       3
       3
       3
       3
       6
       3
       1
       4
       6
       5
       0
       3
       5
       5
       3
       3
       9
       5
       6
       5
       1
       2
       3
       8
       3
       4
       7
       3
       1
       4
       2
       3
       6
       8
       0
       5
       4
       6
       5
       6
       4
       0
       4
       1
       2
       2
       1
       4
       5
       0
       6
       4
       3
       2
       3
       5
       1
       7
       3
       7
       3
       2
       5
       3
       5
       4
       6
       3
       6
       8
       6
       6
       7
      10
       4
       6
       4
       8
       3
       6
       9
       4
       4
       2
       7
       9
       6
       8
       9
       1
       1
       6
       7
       2
      10
       5
       5
       5
       5
       2
       7
       2
       3
       5
       5
      10
       4
       7
       4
       4
       7
       2
       5
       8
       3
      11
       8
       7
       6
       5
       5
       4
       8
      12
      11
       7
       4
      10
       3
       6
      16
      11
      10
       8
      10
      15
      17
      15
       9
       7
      20
      13
      14
      10
      18
      18
       9
      21
      19
      16
      21
      15
       9
      18
      22
      16
      25
      24
      14
      16
      21
      21
      14
      26
      21
      29
      17
      25
      29
      27
      15
      27
      24
      17
      18
      17
      18
      20
      22
      22
      23
      19
      23
      20
      21
      30
      19
      15
      22
      17
      15
      17
      23
      18
      17
      20
      24
      16
      16
      13
      17
      20
      14
      17
      18
      11
       9
      11
      11
      12
       9
      18
      14
      14
      13
      10
       9
       7
       7
       7
      10
       8
      11
      11
       5
      11
       5
       7
       8
      10
      10
       7
       3
       3
       4
       7
       6
       7
       4
       6
       7
       9
       8
       5
       2
       3
       4
       5
       5
       5
       4
       3
       3
       3
       2
       2
       5
       5
       3
       4
       1
       2
       4
       1
       2
       8
       2
       0
       2
       1
       2
       1
       0
       3
       1
       2
       1
       1
       4
       0
       1
       4
       2
       1
       1
       1
       2
       2
       2
       2
       0
       0
       4
       2
       0
       1
       2
       1
       1
       1
       0
       1
       3
       1
       4
       0
       1
       0
       6
       0
       2
       2
       1
       1
       2
       0
       1
       1
       1
       2
       3
       3
       1
       0
       1
       2
       1
       2
       1
       0
       1
       0
       1
       0
       1
       0
       1
       0
       0
       1
       0
       0
       0
       1
       1
       1
       0
       0
       1
       0
       2
       0
       1
       0
       0
       0
       0
       0
       2
       3
       0
       0
       0
       2
       1
       2
       0
       2
       1
       1
       1
       1
       0
       0
       1
       0
       1
       0
       2
       0
       0
       0
       2
       0
       0
       1
       1
       1
       0
       1
       2
       0
       2
       0
       0
       2
       1
       0
       0
       1
       0
       0
       1
       0
       0
       1
       0
       2
       1
       1
       0
       0
       3
       1
       0
       2
       0
       0
       0
       1
       0
       0
       2
       0
       1
       0
       0
       0
       0
       0
       0
       3
       0
       1
       0
       1
       1
       1
       0
       0
       0
       0
       0
       1
       0
       0
       1
       0
       1
       4
       2
       0
       1
       1
       0
       1
       1
       2
       2
       2
       1
       1
       1
       2
       1
       1
       2
       4
       3
       1
       1
       2
       2
       1
       2
       1
       5
       1
       2
       0
       4
       1
       1
       5
       1
       4
       1
       2
       3
       0
       5
       3
       2
       2
       2
       4
       3
       2
       1
       3
       3
       3
       8
       3
       4
       2
       3
       5
       7
       9
       7
       5
       3
       3
       6
       5
       0
       6
       6
       5
       6
       5
       5
      11
       9
       6
       3
       9
       8
       8
       5
       8
       5
       2
       5
       5
      10
       5
       4
       9
       6
       6
      11
       3
       7
       5
       7
       4
       7
       7
       9
       2
       4
       4
       4
       3
       2
       7
       5
       7
       9
       4
       6
       2
       0
       5
       2
       6
       5
       5
       4
       4
       3
       4
       3
       2
       6
       3
       4
       3
       3
       5
       3
       0
       1
       1
       2
       2
       0
       1
       1
       0
       1
       0
       0
       3
       0
       4
       1
       0
       1
       0
       1
       3
       0
       0
       0
       1
       0
       0
       0
       1
       1
       1
       0
       1
       1
       0
       1
       0
       1
       0
       1
       0
       0
       0
       0
       0
       0
       0
       1
       1
       0
       0
       0
       0
       0
       0
       0
       0
       0
       0
       0
       0
       0
       0
       0
       0
       0
       0
       0
       0
       0
       0
       0
       0
       0
       0
       0
       0
       0
       0
       0
       1
       0
       0
       0
       0
       0
       0
       0
       0
       0
       0
       0
       0
       0
       1
       0
       0
       0
       0
       0
       0
       1
       0
       0
       0
       1
       0
       0
       0
       0
       0
       0
       0
       0
       0
       0
       1
       0
       0
       0
       0
       0
       0
       1
       0
       0
       0
       0
       0
       0
       0
       0
       0
       0
       0
       0
       0
       2
       0
       0
       1
       0
       0
       0
       0
       0
       1
       1
       0
       1
       0
       0
       1
       0
       0
       0
       0
       0
       0
       0
       0
       0
       0
       0
       0
       0
       0
       0
       0
       0
       0
       0
       0
       0
       0
       0
       0
       0
       0
       0
       0
       0
       0
       0
       1
       0
       0
       0
       0
       0
       0
       0
       0
       0
       0
       0
       0
       0
       0
       0
       0
       0
       0
       0
       0
       1
       0
       0
       0
       1
       0
       0
       0
       0
       0
       0
       0
       0
       1
       0
       0
       0
       0
       0
       0
       0
       0
       1
       0
       0
       0
       0
       0
       0
       1
       0
       1
       0
       0
       1
       0
       1
       0
       0
       0
       1
       0
       1
       0
       0
       0
       0
       0
       0
       0
       0
       0
       0
       0
       0
       0
       0
       0
       0
       0
       0
       0
       0
       0
       0
       0
       0
       0
       1
       0
       0
       1
       0
       0
       0
       0
       0
       0
       0
       0
       0
       0
       0
       0
       0
       0
       0
       0
       0
       0
       0
       0
       0
       0
       0
       0
       0
       0
       0
       0
       0
       0
       1
       0
       0
       0
       0
       0
       0
       0
       0
       0
       0
       0
       0
       0
       0
       0
       0
       0
       0
       0
       0
       0
       0
       0
       1
       0
       0
       0
       0
       0
       0
       0
       0
       0
       0
       0
       0
       0
       0
       0
       0
       0
       0
       0
       0
       0
       0
       0
       0
       0
       0
       0
       0
       0
       0
       0
       0
       0
       0
       0
       0
       0
       0
       1
       0
       0
       0
       0
       0
       0
       0
       0
       0
       0
       0
       0
       0
       0
       1
       0
       0
       0
       0
       0
       0
       0
       0
       0
       0
       0
       0
       0
       0
       1
       1
       0
       0
       0
       0
       1
       0
       0
       0
       0
       0
       0
       0
       0
       0
       0
       0
       0
       0
       0
       0
       0
       0
       0
       0
       0
       0
       0
       0
       1
       0
       0
       0
       1
       0
       1
       0
       0
       0
       0
       0
       0
       0
       0
       0
       0
       0
       0
       0
       0
       0
       0
       0
       0
       0
       0
       0
       0
       0
       0
       0
       0
       0
       0
       0
       1
       0
       0
       0
       0
       0
       0
       0
       0
       0
       0
       0
       0
       0
       0
       0
       0
       0
       0
       0
       0
       0
       0
       0
       0
       0
       0
       0
       0
       0
       0
       0
       1
       0
       0
       0
       1
       1
       0
       0
       0
       0
       0
       0
       0
       0
       0
       0
       0
       0
       0
       0
       0
       0
       0
       1
       0
       0
       0
       0
       0
       0
       0
       0
       0
       0
       0
       0
       0
       0
       1
       0
       1
       1
       0
       0
       0
       1
       0
       0
       1
       0
       1
       0
       0
       0
       0
       0
       0
       0
       0
       0
       0
       0
       0
       0
       0
       0
       0
       0
       0
       0
       0
       0
       0
       0
       0
       1
       0
       0
       1
       0
       0
       0
       0
       0
       0
       0
       0
       0
       1
       0
       0
       0
       0
       0
       0
       0
       0
       0
       0
       0
       1
       0
       0
       1
       0
       0
       1
       0
       0
       0
       0
       0
       0
       0
       0
       0
       0
       0
       1
       0
       0
       0
       0
       0
       0
       0
       0
       0
       0
       0
       0
       0
       0
       0
       1
       0
       0
       0
       0
       0
       0
       0
       1
       0
       0
       0
       0
       0
       0
       1
       0
       0
       0
       0
       0
       0
       0
       0
       1
       0
       0
       0
       0
       0
       0
       0
       0
       0
       0
       0
       1
       0
       0
       0
       0
       0
       0
       0
       0
       1
       0
       0
       0
       0
       0
       0
       0
       0
       0
       0
       0
       1
       0
       0
       0
       0
       0
       0
       0
       0
       1
       0
       0
       0
       0
       0
       0
       0
       0
       0
       0
       0
       1
       0
       0
       0
       0
       0
       0
       0
       0
       0
       0
       0
       0
       0
       0
       0
       0
       0
       0
       0
       0
       0
       0
       0
       0
       0
       0
       0
       0
       0
       0
       0
       0
       0
       0
       0
       0
       0
       0
       0
       0
       0
       0
       0
       0
       0
       0
       0
       0
       0
       0
       0
       0
       0
       0
       0
       0
       0
       0
       0
       0
       0
       0
       0
       0
       0
       0
       0
       0
       0
       0
       0
       0
       0
       0
       0
       0
       0
       0
       0
       0
       0
       0
       1
       0
       0
       0
       0
       0
       0
       0
       0
       0
       0
       0
       0
       0
       0
       0
       0
       0
       0
       0
       0
       0
       0
       0
       0
       0
       0
       0
       0
       0
       0
       0
       0
       0
       0
       0
       0
       0
       0
       0
       0
       0
       0
       0
       0
       0
       0
       0
       0
       0
       0
       0
       0
       0
       0
       0
       0
$ROI:
0
$PRESETS:
None
0
0
$ENER_FIT:
0.000000 0.376289
$MCA_CAL:
3
0.000000E+000 3.762887E-001 0.000000E+000 keV
$SHAPE_CAL:
3
1.061399E+002 0.000000E+000 0.000000E+000
