$SPEC_ID:
Scatter
$SPEC_REM:
DET# 2
DETDESC# JLAB-9 MCB 136
AP# Maestro Version 7.01
$DATE_MEA:
11/16/2022 14:47:23
$MEAS_TIM:
2293 2340
$DATA:
0 2047
       0
       0
       0
       0
       0
       0
       0
       0
       0
       0
       0
       0
       0
       0
       0
       0
       0
       0
       0
       0
       0
       0
       0
       0
       0
       0
       0
       0
       0
       0
       0
       0
       0
       0
       0
       0
       0
       0
       0
       0
       0
       0
       0
       0
       0
       0
       0
       0
       0
       0
       0
       0
       0
       0
       0
       0
       0
       0
       0
       0
       0
       0
       0
       0
       0
       0
       0
       0
       0
       0
       0
       0
       0
       0
       0
       0
       0
       0
       0
       0
       0
      16
      28
      36
      35
      25
      28
      38
      35
      31
      21
      16
      20
      25
      18
      23
      21
      16
      18
      17
      16
      24
      24
      19
      20
      14
      16
      18
      15
      19
      25
      17
      19
      14
      18
      23
      22
      15
      22
      16
      19
      23
      17
      16
      19
      16
      20
      24
      18
      28
      29
      13
      29
      14
      22
      17
      20
      22
      21
      26
      19
      19
      20
      16
      25
      15
      25
      21
      16
      26
      28
      21
      20
      19
      17
      21
      28
      14
      20
      22
      15
      31
      25
      15
      19
      31
      29
      22
      21
      25
      24
      21
      18
      14
      34
      27
      28
      17
      21
      29
      20
      27
      24
      24
      31
      31
      17
      28
      19
      30
      30
      30
      27
      32
      30
      27
      31
      40
      29
      35
      34
      30
      30
      27
      32
      18
      30
      36
      20
      30
      37
      23
      26
      37
      24
      27
      26
      34
      38
      31
      34
      24
      32
      27
      43
      27
      20
      27
      25
      18
      23
      24
      18
      19
      22
      24
      17
      25
      30
      18
      23
      22
      21
      38
      24
      23
      17
      29
      32
      31
      20
      24
      18
      31
      15
      21
      28
      34
      27
      21
      34
      21
      23
      29
      31
      32
      29
      24
      23
      21
      24
      32
      21
      37
      27
      29
      27
      36
      25
      30
      31
      35
      29
      34
      34
      33
      30
      29
      30
      26
      24
      32
      28
      25
      29
      31
      28
      22
      30
      27
      26
      39
      25
      19
      25
      24
      24
      36
      33
      27
      27
      20
      32
      31
      34
      43
      37
      32
      29
      25
      33
      25
      44
      29
      33
      32
      42
      26
      32
      27
      38
      28
      39
      33
      29
      22
      28
      25
      30
      32
      29
      34
      28
      29
      32
      23
      30
      25
      23
      25
      22
      32
      21
      27
      17
      24
      33
      28
      26
      38
      26
      44
      35
      36
      24
      28
      24
      26
      32
      35
      33
      38
      34
      31
      31
      31
      38
      28
      35
      34
      34
      39
      35
      30
      23
      33
      27
      35
      39
      31
      34
      36
      31
      36
      23
      24
      39
      36
      41
      44
      34
      29
      27
      37
      40
      31
      27
      34
      29
      36
      25
      31
      32
      30
      33
      28
      32
      24
      32
      23
      27
      25
      27
      26
      37
      45
      22
      35
      34
      32
      34
      40
      41
      34
      34
      40
      29
      32
      35
      38
      37
      34
      24
      50
      26
      30
      32
      30
      32
      38
      32
      33
      35
      28
      30
      31
      33
      28
      35
      27
      30
      28
      33
      22
      22
      19
      26
      32
      35
      22
      39
      31
      31
      31
      29
      34
      31
      25
      43
      33
      27
      42
      35
      27
      26
      35
      26
      33
      27
      33
      17
      23
      30
      31
      33
      35
      31
      36
      34
      33
      33
      22
      32
      37
      26
      22
      28
      30
      42
      32
      38
      20
      28
      35
      19
      36
      30
      31
      31
      23
      33
      51
      26
      22
      31
      22
      18
      28
      26
      35
      27
      32
      28
      23
      27
      20
      24
      28
      28
      29
      18
      29
      34
      23
      27
      21
      25
      18
      28
      27
      25
      21
      29
      37
      32
      27
      35
      27
      29
      24
      29
      25
      26
      28
      29
      28
      19
      21
      20
      21
      20
      25
      33
      23
      26
      27
      29
      27
      22
      22
      22
      14
      22
      21
      20
      17
      22
      26
      29
      21
      20
      18
      29
      25
      20
      17
      26
      28
      26
      30
      31
      26
      19
      19
      33
      30
      18
      25
      21
      21
      22
      13
      19
      22
      23
      23
      31
      16
      25
      19
      21
      18
      25
      16
      17
      24
      16
      22
      21
      22
      20
      13
      23
      13
      20
      20
      19
      18
      31
      22
      21
      18
      16
      21
      28
      22
      24
      27
      22
      19
      11
      17
      24
      25
      21
      24
      15
      19
      27
      17
      14
      23
      27
      20
      18
      23
      26
      22
      32
      20
      29
      17
      15
      16
      19
      20
      19
      25
      19
      20
      20
      17
      17
      24
      24
      19
      15
      23
      22
      14
      11
      26
      16
      16
      18
      22
      28
      16
      25
      15
      23
      22
      22
      22
      12
      20
      16
      18
      19
      18
      18
      20
      20
      20
      19
      14
      28
      17
      19
      17
      28
      26
      26
      18
      19
      18
      22
      25
      18
      10
      24
      17
      19
      14
      14
      16
      23
      24
      20
      18
      17
      25
      16
      21
      21
      18
      26
      14
      20
      23
      13
      17
      23
      25
      19
      18
      14
      23
      19
      13
      17
      22
      15
      15
      13
      14
      25
       9
      24
      20
      20
      14
      28
      21
      19
      16
       7
      17
      15
      22
      23
       6
      20
      13
      15
      15
      13
      12
      20
      10
      16
      10
      19
      13
      20
      16
      20
       6
      18
      14
      19
      19
      16
      21
      14
      19
      20
      12
      22
      19
      20
      18
      16
      17
      16
      18
      16
      13
      17
      12
      14
      16
      19
      12
      17
      17
      16
      15
      12
      15
      16
      11
      15
      15
      19
      16
      13
      17
      23
      21
      27
      17
      21
      17
      20
      12
      14
      20
      16
      13
      20
      25
      18
      16
      19
      20
      20
      24
      12
      19
      19
      22
      17
      16
       6
      13
      18
      20
      22
      19
      17
      26
      23
      17
      18
      20
      18
      10
      19
      13
      22
      13
      23
      19
      13
      14
      22
      24
      17
      11
      21
      20
      18
      12
      23
      16
      16
      15
      15
      17
      12
      15
      17
      17
      17
      13
      16
      18
      12
      15
      18
      25
      18
      16
      15
      13
      22
      12
      19
      19
      23
      16
      13
      17
      13
      19
      15
      17
      18
      20
      17
      15
      16
      16
       9
      14
      14
      15
      10
      21
      10
      14
      13
      16
       8
      24
      14
      11
      12
      15
      22
      17
      13
      15
       8
      14
      15
      17
      20
      16
      18
      14
      18
      14
      10
      12
      12
      15
      17
      16
      16
      12
      19
      16
      16
      17
      19
      15
      14
      17
      14
      13
      12
      13
      12
       8
      14
      17
      16
      19
      15
      12
      12
      24
      20
      17
      17
      15
      13
      19
      15
      20
      16
      10
      15
      19
       8
      18
      15
      17
      19
      12
      10
      15
      19
      19
       9
      23
      24
      13
      16
      15
      13
      14
      19
      15
      16
      15
      23
      13
      15
      18
      21
      17
      17
      15
      22
      21
      21
      19
      16
      19
      28
      14
      16
      19
      17
      19
      18
      21
      17
      26
      15
      16
      31
      25
      19
      24
      28
      15
      14
      19
      25
      23
      35
      23
      22
      26
      22
      29
      23
      20
      21
      29
      20
      23
      29
      26
      28
      30
      29
      34
      23
      19
      21
      25
      32
      22
      27
      31
      26
      27
      22
      28
      22
      24
      26
      26
      24
      19
      33
      24
      21
      21
      30
      21
      26
      33
      25
      21
      32
      24
      23
      22
      30
      17
      18
      28
      27
      28
      31
      29
      20
      22
      13
      21
      20
      31
      25
      21
      12
      23
      24
      30
      27
      30
      22
      23
      25
      11
      21
      17
      20
      25
      21
      33
      20
      27
      33
      22
      23
      24
      16
      19
      19
      13
      14
      20
      17
      21
      19
      18
      20
      17
      17
      21
      17
      17
      11
      15
      10
      11
      14
      17
      12
      10
      16
       7
      12
      11
      13
      13
       8
      13
      11
      10
      17
      11
      10
       9
      12
      11
      20
       8
      15
      16
       7
      11
       6
      14
      13
      18
      19
      14
       8
       5
       5
       6
      13
       9
       9
      11
      17
       8
      14
      12
      13
       9
       7
       9
       9
       9
      11
      11
      10
       5
      11
      15
      10
      10
       9
      14
      10
       8
       9
       7
      11
       6
      13
       8
       5
       7
      13
       6
       9
       7
      17
      11
      12
      13
       8
       8
       9
       4
      11
       8
       9
       8
      10
       7
       7
       5
       8
       6
       6
      10
       7
       7
      11
      11
       4
       5
       7
       6
      12
       3
       9
       7
       6
       6
       8
       9
       9
      13
      11
       5
      11
      10
       8
      11
       9
       6
      10
       7
       8
       6
       5
       6
       8
       7
       8
       7
       6
       5
       4
       7
       8
       9
       4
       2
       4
       4
      10
       9
       6
       6
       1
       2
      10
       3
       5
       5
       8
       5
      11
       5
       3
       1
       5
       4
       4
       5
       2
       6
       2
       5
       1
       6
       5
       2
       5
       7
       4
       5
       0
       3
       5
       3
       8
       3
       3
       2
       4
       5
       3
       2
       3
       8
       6
       3
       1
       3
       8
       5
       2
       3
       6
       4
       5
       5
       3
       4
       4
       4
       5
       5
       1
       4
       4
       1
       2
       6
       2
       0
       0
       1
       2
       2
       3
       2
       1
       3
       2
       2
       2
       2
       4
       3
       6
       1
       2
       2
       3
       4
       3
       4
       3
       5
       1
       4
       5
       5
       2
       3
       5
       5
       5
       5
       2
       1
       2
       4
       6
       2
       0
       3
       1
       1
       6
       3
       2
       6
       6
       5
       2
       1
       2
       2
       4
       3
       4
       5
       1
       4
       5
       1
       4
       4
       2
       2
       6
       3
       3
       4
       5
       4
       3
       7
       1
       9
       4
       6
       3
       6
       4
       4
       6
       6
       1
       3
       4
       8
      10
       3
       4
       4
       5
       4
       8
       4
       3
       8
       7
       7
       5
       8
       1
      11
       3
       7
      11
       7
       7
      11
       2
       8
       9
      10
      12
       6
      12
      13
      11
      10
      13
       9
      13
      11
       8
      17
       8
      10
      14
       9
      11
      14
      18
      12
      21
      13
      11
      12
      12
      17
      13
      17
      15
      14
      19
      16
      11
      21
      17
      14
      19
      21
      23
      26
      22
      23
      25
      20
      20
      20
      28
      16
      29
      24
      21
      23
      22
      22
      24
      28
      34
      24
      22
      30
      25
      25
      29
      28
      32
      33
      24
      20
      30
      28
      18
      26
      28
      29
      25
      27
      40
      19
      41
      36
      24
      28
      17
      22
      32
      40
      30
      26
      31
      21
      27
      28
      31
      28
      20
      25
      25
      22
      36
      22
      31
      18
      24
      31
      17
      30
      30
      34
      24
      28
      22
      26
      24
      23
      21
      17
      26
      22
      18
      21
      17
      18
      17
      19
      16
      21
      20
      12
      15
      22
      15
      19
      17
      10
      16
      10
      13
       9
      14
      13
       9
      11
      11
       6
      10
       4
      10
      11
      13
       9
       7
       7
       9
       9
      13
       4
       4
       5
      10
       5
       7
       7
       7
       5
       2
       3
       3
       2
       2
       7
       3
       2
       6
       2
       3
       0
       0
       0
       5
       3
       3
       3
       5
       4
       2
       2
       1
       2
       1
       4
       1
       0
       0
       1
       0
       2
       1
       1
       0
       2
       0
       2
       0
       0
       1
       1
       1
       1
       1
       1
       4
       0
       0
       0
       1
       0
       0
       1
       3
       0
       0
       1
       0
       0
       1
       1
       1
       1
       2
       0
       2
       1
       0
       0
       0
       0
       0
       1
       0
       0
       0
       0
       3
       0
       1
       0
       0
       1
       0
       0
       1
       1
       1
       1
       0
       0
       1
       3
       1
       0
       1
       2
       1
       0
       0
       0
       0
       0
       0
       1
       1
       0
       1
       0
       0
       1
       0
       0
       0
       0
       0
       0
       0
       1
       0
       1
       1
       0
       0
       1
       0
       0
       0
       1
       0
       1
       0
       1
       0
       0
       0
       0
       0
       0
       0
       1
       1
       1
       0
       1
       0
       1
       2
       0
       0
       1
       0
       0
       0
       0
       0
       1
       0
       1
       0
       0
       1
       0
       0
       0
       1
       0
       0
       0
       0
       0
       0
       1
       0
       1
       1
       0
       0
       0
       1
       0
       1
       0
       1
       2
       1
       0
       0
       1
       2
       1
       1
       0
       1
       1
       0
       1
       0
       0
       1
       1
       1
       0
       0
       0
       0
       0
       0
       0
       0
       0
       1
       2
       0
       0
       1
       2
       0
       0
       0
       1
       2
       0
       1
       1
       1
       1
       0
       1
       0
       0
       2
       0
       0
       0
       2
       1
       0
       0
       0
       0
       0
       0
       0
       0
       0
       0
       0
       0
       0
       1
       0
       0
       1
       0
       0
       0
       1
       0
       0
       0
       5
       0
       1
       1
       0
       2
       0
       0
       0
       1
       1
       1
       0
       0
       0
       0
       0
       0
       1
       0
       1
       1
       0
       0
       1
       0
       1
       0
       1
       3
       1
       0
       0
       1
       0
       1
       0
       1
       0
       0
       1
       0
       0
       0
       0
       0
       0
       0
       1
       0
       1
       0
       0
       0
       0
       0
       0
       3
       0
       0
       0
       0
       2
       0
       0
       1
       0
       0
       1
       0
       0
       0
       0
       0
       0
       1
       1
       1
       0
       0
       0
       0
       0
       0
       1
       0
       0
       1
       0
       1
       0
       1
       0
       0
       0
       0
       0
       0
       0
       0
       0
       0
       0
       0
       0
       0
       0
       0
       0
       0
       0
       0
       0
       0
       0
       0
       0
       0
       0
       0
       0
       0
       0
       0
$ROI:
0
$PRESETS:
None
0
0
$ENER_FIT:
0.000000 0.376604
$MCA_CAL:
3
0.000000E+000 3.766040E-001 0.000000E+000 keV
$SHAPE_CAL:
3
9.515098E+001 0.000000E+000 0.000000E+000
