$SPEC_ID:
Target
$SPEC_REM:
DET# 1
DETDESC# JLAB-9 MCB 135
AP# Maestro Version 7.01
$DATE_MEA:
11/16/2022 14:47:22
$MEAS_TIM:
2239 2343
$DATA:
0 2047
       0
       0
       0
       0
       0
       0
       0
       0
       0
       0
       0
       0
       0
       0
       0
       0
       0
       0
       0
       0
       0
       0
       0
       0
       0
       0
       0
       0
       0
       0
       0
       0
       0
       0
       0
       0
       0
       0
       0
       0
       0
       0
       0
       0
       0
       0
       0
       0
       0
       0
       0
       0
       0
       0
       0
       0
       0
       0
       0
       0
       0
       0
       0
       0
       0
       0
       0
       0
       0
       0
       0
       0
       0
       0
       0
       0
       0
       0
       0
       0
      12
       8
      15
       6
      10
      14
       8
      13
      17
       8
      12
      15
      14
      23
      15
      16
      11
      12
      18
      13
       8
      12
      25
      13
      18
      15
      17
      22
      23
      17
      25
      13
       5
      13
      21
      17
      20
      28
      29
      15
      24
      23
      19
      13
      11
      23
      22
      18
      23
      22
      18
      18
      17
      20
      16
      21
      34
      19
      25
      21
      20
      18
      20
      23
      18
      22
      26
      23
      15
      21
      20
      26
      29
      27
      21
      25
      19
      24
      18
      25
      23
      30
      24
      23
      27
      21
      20
      23
      28
      29
      29
      32
      25
      31
      24
      21
      28
      32
      29
      21
      26
      26
      35
      26
      33
      43
      36
      39
      32
      20
      33
      28
      29
      32
      28
      38
      37
      36
      36
      39
      29
      40
      41
      26
      40
      40
      40
      30
      36
      27
      35
      27
      48
      35
      43
      34
      37
      38
      29
      27
      38
      38
      30
      36
      35
      36
      31
      25
      28
      33
      30
      31
      31
      36
      45
      33
      33
      35
      31
      40
      34
      33
      33
      29
      41
      39
      34
      39
      32
      47
      39
      24
      31
      22
      27
      36
      31
      33
      27
      31
      48
      37
      27
      31
      40
      44
      35
      38
      36
      42
      41
      37
      36
      40
      36
      42
      43
      27
      29
      37
      33
      35
      34
      36
      28
      51
      38
      44
      34
      35
      42
      41
      34
      32
      38
      31
      43
      45
      47
      35
      40
      36
      41
      30
      28
      45
      32
      34
      32
      39
      39
      49
      30
      29
      34
      36
      47
      28
      30
      37
      28
      36
      41
      49
      30
      39
      30
      34
      32
      34
      35
      36
      40
      39
      49
      41
      43
      47
      34
      50
      39
      50
      34
      33
      43
      36
      42
      30
      43
      31
      39
      40
      41
      27
      31
      35
      34
      26
      30
      45
      42
      33
      35
      44
      41
      35
      48
      33
      44
      41
      44
      30
      35
      40
      31
      42
      35
      42
      36
      31
      48
      36
      37
      34
      39
      44
      36
      54
      36
      37
      28
      38
      37
      38
      34
      45
      36
      34
      42
      48
      37
      46
      39
      46
      40
      30
      51
      46
      38
      37
      61
      48
      63
      46
      43
      46
      44
      48
      56
      63
      49
      60
      49
      50
      61
      52
      45
      53
      44
      49
      63
      64
      51
      42
      65
      51
      64
      52
      65
      58
      50
      57
      48
      59
      52
      50
      65
      35
      49
      75
      65
      60
      54
      49
      47
      57
      43
      51
      55
      61
      65
      50
      55
      34
      44
      57
      54
      58
      38
      51
      58
      45
      47
      48
      43
      30
      46
      33
      49
      39
      38
      36
      39
      44
      45
      39
      35
      38
      28
      31
      34
      30
      36
      40
      44
      35
      33
      25
      46
      23
      24
      21
      29
      32
      48
      38
      30
      35
      27
      27
      21
      39
      18
      31
      35
      28
      28
      31
      22
      30
      27
      34
      34
      26
      31
      35
      36
      29
      23
      27
      32
      30
      32
      27
      35
      33
      26
      34
      41
      19
      40
      29
      19
      17
      28
      24
      25
      31
      22
      28
      26
      22
      25
      22
      39
      39
      21
      27
      27
      19
      41
      28
      26
      20
      23
      29
      21
      23
      17
      29
      22
      31
      31
      20
      30
      28
      15
      30
      27
      36
      24
      24
      26
      19
      25
      23
      23
      29
      28
      25
      24
      30
      20
      31
      18
      23
      24
      24
      20
      26
      20
      13
      16
      24
      27
      23
      19
      24
      17
      25
      22
      30
      29
      20
      24
      24
      27
      23
      23
      25
      20
      27
      26
      32
      30
      28
      29
      23
      30
      27
      15
      23
      29
      19
      18
      23
      25
      22
      28
      26
      27
      26
      31
      30
      22
      23
      23
      30
      23
      27
      29
      18
      17
      21
      20
      25
      20
      30
      28
      23
      23
      31
      31
      19
      26
      27
      21
      28
      11
      28
      22
      22
      24
      20
      25
      28
      16
      16
      20
      39
      16
      27
      22
      17
      21
      25
      30
      19
      26
      25
      15
      19
      23
      21
      28
      29
      23
      23
      31
      18
      22
      24
      24
      26
      34
      15
      19
      19
      17
      20
      16
      21
      22
      21
      24
      27
      22
      21
      22
      15
      21
      21
      24
      17
      27
      21
      25
      14
      21
      22
      20
      28
      18
      25
      20
      15
      23
      23
      19
      24
      24
      24
      19
      23
      24
      21
      15
      16
      22
      27
      15
      14
      16
      16
      21
      22
      26
      20
      21
      15
      23
      18
      23
      22
      23
      21
      19
      22
      16
      13
      14
      13
      18
      22
      25
      20
      18
      22
      18
      17
      18
      22
      16
      30
      11
      20
      22
      17
      17
      22
      19
      19
      15
      21
      19
      19
      19
      15
      19
      17
      16
      13
      20
      17
      20
      15
      23
      22
      23
      16
      23
      29
      21
      17
      20
      19
      16
      21
      27
      15
      22
      16
      14
      18
      14
      20
      25
      20
      26
      19
      17
      16
      18
      15
      21
      20
      16
      25
      23
      19
      22
      21
      16
      13
      18
      15
      20
      14
      23
      20
      19
      17
      22
      22
      20
      24
      14
      11
      18
      18
       9
      19
      23
      20
      17
      17
      20
      21
      15
      26
      22
      23
      23
      15
      19
      16
      22
      19
      15
      18
      20
      25
      15
      14
      21
      13
      19
      26
      18
      21
      15
      26
      18
      16
      25
      17
      11
      16
      14
      28
      28
      19
      16
      14
      14
      23
      19
      15
      26
      17
      20
      18
      15
      17
      23
      10
      16
      20
      25
      17
      21
      17
       9
      19
      22
      17
      28
      13
      21
      15
      22
      13
      22
      18
      19
      27
      16
      17
      26
      24
      18
      20
      13
      19
      12
      12
      20
      19
      22
      23
      16
      14
      17
      13
      19
      22
      13
      22
      20
      11
      23
      18
      24
      17
      19
      16
      16
      21
      16
      23
      15
      17
      21
      11
      16
      13
      20
      15
      23
      18
      16
      19
      13
      18
      24
      21
      19
      18
      14
      21
      15
      18
      16
      34
      19
      16
      13
      20
      12
      19
      11
      28
      19
      16
      16
      18
      18
      17
      20
      23
      17
      22
      20
      18
      22
      17
      13
      20
      25
      20
      15
      15
      21
      14
      18
      21
      21
      22
      21
      14
      12
      18
      16
      12
      19
      15
       8
      18
       9
      24
      20
      10
      19
      21
      21
      22
      13
      18
      11
      14
      22
      14
      19
      17
       9
      17
      12
      11
      14
      11
      11
      14
      13
      10
      23
      12
       8
      10
      14
      13
       8
      15
       7
      14
       9
      16
      11
       9
      11
      11
      14
      11
      12
       8
       9
       8
      13
      16
      12
       8
      17
      10
      11
      15
      16
      13
       9
      10
      12
       5
      10
       8
       5
      15
      12
      15
       6
       4
       9
      16
       6
       7
      10
      10
       5
      11
       8
       6
      11
       8
      11
       7
       7
       6
       6
       9
       4
      11
       9
       9
       6
      10
       7
       9
      12
       8
       9
       7
      14
       7
       5
       9
      10
       3
      19
      12
      10
      10
       8
      10
      10
      14
      13
       8
       6
       3
       9
       5
       9
       9
       5
       4
       9
       4
       6
       9
       7
       7
      12
       6
       7
       9
       2
       7
      12
       7
       7
       8
       5
       5
       9
       6
      13
       6
       5
      12
      10
       5
      10
       7
       4
       6
       9
       2
      11
       2
       8
       6
       7
       4
       9
       9
       2
       4
       8
       7
       7
       5
       7
       3
       4
       5
       8
       0
       8
       8
       7
       2
       4
       2
       5
       8
       3
       3
       5
      13
       5
       7
       1
       4
       3
       4
       5
       4
       7
       6
       5
       2
       5
       2
       7
       4
       4
       7
       8
       4
       4
       5
       1
       2
       3
       7
       3
       6
       3
       2
       7
       3
       2
       2
       2
       6
       3
       4
       1
       5
       5
       4
       3
       6
       4
       3
       2
       2
       9
       3
       7
       4
       1
       8
       4
       4
       4
       3
       4
       6
       6
       3
       3
       4
       4
       3
       6
       5
       5
       4
       3
       8
       3
       3
       1
       2
       6
       7
       5
       7
       4
       1
       2
       4
       5
       3
       0
       5
       8
       1
       3
       2
       3
       5
       4
       2
       4
       4
       3
       5
       5
       3
       5
       3
       4
       6
       3
       3
       1
       4
       1
       5
       5
       3
       3
       8
       5
       3
       1
       3
       5
       5
       5
       3
      10
       4
       6
       8
       7
       5
       6
       5
       4
       3
       3
       5
       6
       7
       4
       7
       3
       8
       4
       4
       3
       3
       6
       3
       5
       3
       6
      11
      10
       8
       5
       6
       7
       6
       6
       9
       4
      11
       8
      10
       4
      11
      10
      12
       8
       7
      11
      13
      18
      12
       8
      12
      12
      14
      16
      19
       9
      16
      16
      21
      12
      17
      17
      16
      23
      19
      19
      18
      15
      21
      11
      23
      18
      25
      24
      21
      21
      22
      33
      20
      26
      17
      29
      27
      24
      38
      40
      28
      24
      24
      34
      25
      28
      29
      29
      41
      40
      20
      42
      34
      34
      46
      34
      31
      38
      50
      39
      43
      46
      49
      39
      34
      45
      54
      47
      42
      44
      55
      51
      53
      50
      58
      43
      61
      45
      38
      44
      55
      62
      59
      45
      59
      42
      58
      46
      50
      49
      60
      60
      58
      55
      42
      46
      40
      57
      52
      55
      50
      54
      63
      59
      50
      48
      40
      37
      45
      46
      37
      47
      49
      54
      44
      38
      41
      36
      44
      45
      50
      34
      32
      48
      35
      44
      37
      41
      46
      23
      33
      36
      28
      28
      31
      28
      26
      23
      27
      26
      35
      25
      23
      29
      28
      29
      19
      29
      27
      15
      29
      28
      19
      26
      25
      16
      17
      18
      18
      13
      18
      12
      18
      16
      11
      18
      16
      16
      12
      10
      15
      10
       6
       5
       9
       9
       7
      11
       6
       6
       2
      10
       7
       7
       8
       9
       1
       7
       4
       5
       7
       3
       3
       5
       1
       2
       2
       9
       3
       4
       0
       5
       1
       2
       2
       3
       0
       2
       3
       3
       2
       4
       1
       2
       2
       0
       3
       1
       3
       2
       1
       0
       0
       3
       1
       0
       0
       1
       2
       0
       0
       1
       0
       1
       0
       0
       1
       0
       0
       1
       1
       2
       0
       0
       1
       0
       1
       2
       1
       0
       1
       1
       0
       2
       0
       0
       1
       1
       1
       1
       1
       1
       0
       0
       1
       0
       0
       2
       1
       0
       1
       1
       0
       1
       0
       0
       1
       0
       1
       0
       0
       0
       0
       0
       1
       1
       1
       1
       2
       1
       2
       0
       0
       1
       0
       2
       2
       1
       2
       1
       1
       0
       1
       0
       0
       0
       2
       0
       0
       0
       3
       2
       1
       1
       0
       0
       0
       1
       0
       2
       1
       0
       1
       3
       0
       1
       0
       2
       0
       1
       1
       0
       0
       0
       2
       0
       0
       0
       2
       0
       1
       0
       2
       2
       2
       0
       2
       1
       1
       0
       4
       0
       2
       0
       0
       0
       3
       0
       0
       1
       0
       2
       2
       0
       1
       1
       0
       0
       0
       0
       0
       1
       0
       1
       1
       0
       2
       1
       0
       0
       0
       0
       0
       1
       1
       0
       1
       2
       0
       1
       2
       1
       1
       0
       0
       0
       1
       1
       0
       0
       0
       0
       1
       0
       0
       0
       1
       0
       0
       0
       0
       0
       1
       0
       1
       1
       2
       1
       0
       0
       0
       2
       1
       0
       1
       0
       2
       0
       0
       2
       2
       1
       1
       0
       1
       3
       1
       0
       0
       0
       0
       1
       0
       1
       0
       1
       0
       0
       0
       0
       1
       1
       0
       1
       0
       0
       0
       2
       1
       0
       0
       0
       0
       0
       0
       0
       0
       0
       0
       0
       0
       0
       0
       0
       0
       0
       0
       1
       1
       0
       1
       3
       1
       1
       4
       0
       1
       0
       0
       1
       0
       0
       1
       1
       2
       1
       0
       0
       0
       2
       0
       0
       1
       1
       0
       0
       0
       0
       0
       0
       0
       1
       0
       0
       1
       1
       0
       1
       1
       1
       1
       0
       0
       1
       0
       0
       0
       0
       1
       2
       0
       0
       0
       2
       0
       1
       0
       0
       2
       2
       4
       1
       1
       1
       0
       1
       0
       0
       0
       0
       0
       0
       0
       0
       0
       0
       0
       1
       1
       0
       0
       1
       0
       2
       0
       1
       1
       0
       0
       0
       1
       0
       2
       1
       1
       0
       0
       0
       0
       1
       0
       1
       0
       1
       1
       0
       1
       0
       1
       1
       1
       0
       0
       0
       1
       0
       1
       0
       0
       0
       2
       0
       0
       0
       0
       0
       0
       0
       0
       0
       0
       0
       0
       0
       0
       0
       1
       1
       0
       0
       0
       0
       0
       0
       0
       0
       0
       0
       0
       0
       0
       0
       0
       0
       0
       0
       0
       0
       0
       0
       0
       0
       0
       0
       0
       0
       0
       0
       0
       0
       0
$ROI:
0
$PRESETS:
None
0
0
$ENER_FIT:
0.000000 0.376289
$MCA_CAL:
3
0.000000E+000 3.762887E-001 0.000000E+000 keV
$SHAPE_CAL:
3
1.061399E+002 0.000000E+000 0.000000E+000
