$SPEC_ID:
Target
$SPEC_REM:
DET# 1
DETDESC# JLAB-9 MCB 135
AP# Maestro Version 7.01
$DATE_MEA:
11/16/2022 15:34:41
$MEAS_TIM:
1884 1971
$DATA:
0 2047
       0
       0
       0
       0
       0
       0
       0
       0
       0
       0
       0
       0
       0
       0
       0
       0
       0
       0
       0
       0
       0
       0
       0
       0
       0
       0
       0
       0
       0
       0
       0
       0
       0
       0
       0
       0
       0
       0
       0
       0
       0
       0
       0
       0
       0
       0
       0
       0
       0
       0
       0
       0
       0
       0
       0
       0
       0
       0
       0
       0
       0
       0
       0
       0
       0
       0
       0
       0
       0
       0
       0
       0
       0
       0
       0
       0
       0
       0
       0
       0
       4
       3
       5
       5
       5
       4
       5
       5
       6
       4
       7
       3
       3
       8
       3
       2
       4
       4
       3
       6
       5
       6
       5
       2
       4
       5
       7
       6
       5
       3
       0
       3
       4
       6
       4
       2
       3
       6
       3
       4
       3
       6
       4
       4
       2
       5
       6
       1
       8
       5
       5
       3
       3
       9
       3
       9
       6
       4
       9
       6
       2
       3
       5
       4
       6
       4
      12
       7
       6
       3
       6
       5
       7
       4
       3
       4
       8
       9
       8
       6
       3
       2
       6
       8
       8
       5
       5
       6
      11
       2
       6
      11
      12
      10
       6
       9
       6
       5
       7
       7
      10
       4
      13
      17
      12
       8
       6
      17
      12
       6
      16
      13
      11
      13
      14
       8
      16
       9
      16
      11
      11
       4
       7
       9
      14
      16
       8
      16
      16
       6
      12
      15
      14
      19
      19
       6
      13
      13
      18
       9
      15
      20
      17
      27
      17
      11
      13
      13
       9
      16
      22
      16
      19
      25
      23
      20
      19
      22
      20
      21
      20
      31
      20
      33
      19
      24
      19
      34
      22
      29
      24
      24
      23
      24
      33
      25
      34
      32
      22
      18
      23
      32
      29
      32
      29
      34
      23
      33
      30
      24
      36
      52
      25
      39
      48
      31
      41
      39
      46
      42
      38
      40
      42
      38
      49
      47
      33
      45
      52
      41
      40
      65
      56
      60
      53
      50
      41
      48
      65
      55
      55
      37
      52
      56
      60
      64
      73
      53
      62
      61
      54
      61
      69
      59
      71
      65
      48
      55
      66
      50
      66
      55
      60
      75
      69
      59
      67
      63
      66
      60
      68
      59
      63
      70
      65
      59
      81
      68
      81
      71
      75
      67
      61
      63
      74
      76
      50
      64
      72
      91
      86
      64
      73
      67
      72
      77
      76
      62
      70
      75
      57
      72
      71
      82
      68
      83
      99
      69
      79
      92
      80
      71
      77
      75
      71
      74
      80
      79
      95
      86
      61
      87
      85
      88
      81
      75
      89
      74
      69
      85
      71
      76
      87
      78
      72
      76
      63
      80
      70
      67
      80
      68
      79
      74
      67
      72
      67
      84
      88
      77
      78
      60
      66
      79
      69
      73
      66
      68
      69
      78
      80
      58
      68
      74
      70
      74
      72
      67
      66
      71
      53
      61
      74
      55
      57
      51
      61
      59
      73
      63
      60
      76
      62
      62
      65
      70
      69
      62
      56
      65
      38
      68
      43
      67
      56
      53
      47
      71
      65
      61
      62
      48
      60
      51
      54
      52
      76
      40
      64
      48
      44
      40
      65
      60
      58
      52
      58
      62
      55
      54
      69
      61
      60
      43
      59
      53
      47
      44
      56
      49
      31
      57
      50
      39
      39
      41
      43
      40
      52
      50
      34
      33
      35
      50
      50
      42
      35
      40
      46
      55
      56
      39
      42
      28
      38
      46
      45
      24
      51
      47
      45
      40
      36
      40
      39
      41
      27
      36
      35
      28
      40
      48
      27
      29
      41
      33
      35
      29
      23
      30
      23
      21
      29
      30
      37
      22
      39
      27
      36
      36
      27
      25
      35
      28
      32
      25
      28
      28
      26
      30
      31
      30
      28
      15
      21
      26
      31
      23
      27
      27
      21
      32
      21
      28
      26
      25
      18
      23
      27
      24
      23
       9
      18
      17
      19
      21
      28
      22
      21
      10
      15
      17
      30
      23
      14
      27
      15
      21
      15
      27
      18
      18
      26
      21
      21
      17
      18
      17
      29
      17
      18
      23
      20
      19
      16
      14
      19
      22
      18
      14
      14
      17
      17
      18
      16
      17
      17
      17
      19
      14
      16
      24
      17
      18
      16
      17
      18
      26
      17
       9
      20
      17
      15
      17
      16
      20
      18
      17
      12
      20
      20
      20
      13
      17
      16
      16
      16
      20
      13
      12
      13
      10
      19
      15
      14
      16
      15
      12
       7
      14
      18
      23
      16
      25
      22
       9
      16
      28
      19
      16
       7
      13
      19
      18
      13
      22
      19
      16
      12
      14
      25
      14
      15
      13
      21
      16
      13
      12
      11
      15
      14
      16
      11
      13
      11
      14
      11
      18
      17
      14
       9
      22
      16
      14
      16
      10
      17
      19
      13
      11
      16
      14
      20
      13
      14
      22
      15
      13
      10
      16
      20
      11
      14
      17
      20
      15
       9
      15
      13
      17
      21
      16
      20
      15
       9
      13
      13
      11
      11
      10
      13
      19
      17
      12
      19
      20
      15
      15
      14
      18
      16
      20
      19
      10
      14
       8
      16
      15
      17
      21
      15
      24
      21
      12
      14
      19
      12
      19
      18
      17
      22
      23
      14
      20
      10
      10
      13
      14
      12
      14
       9
      19
      15
      16
      20
      10
      16
      18
      14
      12
       8
       9
       9
      14
      12
      21
       9
      18
      15
       8
      11
      14
      16
      16
      11
      17
      10
      16
      15
      11
      15
       9
      18
      16
      10
      21
      12
      20
      15
      15
      13
      17
      17
      18
      16
      22
      12
      14
      12
      15
      18
      14
      10
      11
      10
      11
      17
      12
      14
      15
      13
      16
      20
      16
      22
      16
      12
      12
      13
      20
      14
      17
      14
      10
      12
      11
       8
      10
      10
       8
      12
      10
      14
      15
      10
      12
      11
       7
       9
      11
      10
      12
      13
      13
       7
      17
      11
      17
       8
      15
      17
      11
      12
      11
      11
      20
      10
      14
      15
      13
      16
       9
      11
      10
       8
      16
      20
      12
       5
      14
       8
      10
      16
       8
       8
      14
      11
      14
      11
      12
      13
       8
       9
      18
      19
      16
       7
      17
      11
      13
      13
      13
      14
      12
      14
      13
      11
      11
      17
      12
       7
       7
      10
      17
       4
      15
      11
       9
      12
      10
      15
      19
      10
       4
       4
      14
       7
      11
       9
      13
      10
      10
       8
      11
      11
       9
      11
      11
      12
      11
      18
       8
      11
      15
      12
       9
       4
      12
       6
      13
      17
      16
      12
      11
       8
      11
      18
       9
       7
       5
       8
      11
      10
      10
      14
      11
       8
      12
       5
      12
      15
       5
       9
       8
      11
       7
      12
       6
      16
       5
      13
      16
      16
      12
      17
       9
      13
      11
       9
       7
       4
      12
       7
       9
       8
      13
       5
      12
      13
       8
      10
       6
       9
       6
      10
       8
       9
      10
      10
       9
      11
      11
      10
      11
       9
       7
       7
       4
       8
      12
      10
       5
      10
      10
       4
       1
      14
       8
       5
       6
       5
       8
       6
       5
       4
       8
       3
       3
       3
       8
       8
       5
       4
       5
       7
       6
       4
       6
       9
       5
       6
      10
       6
       2
      11
       7
       3
      10
       4
       3
       5
       5
       5
       4
       7
       4
       3
       8
       7
       1
       5
       3
       9
       5
       4
       5
       7
       7
       9
       5
       3
       3
       8
       4
       6
       1
       6
       2
       1
       2
       5
       5
       9
       3
       5
       5
      10
       5
       4
       3
       4
       5
       3
      10
       2
       4
       5
       1
       7
       5
       2
       3
       7
       3
       4
       5
       3
       7
       3
       2
       6
       3
       4
       3
       9
       5
       3
       4
       1
       2
       7
       4
       8
       5
       4
       5
       4
       2
       5
       5
       3
       7
       6
       3
       4
       5
       4
       7
       4
       3
       4
       5
       2
       6
       5
       4
       6
       2
       1
       4
       5
       3
       5
       2
       2
       4
       5
       2
       5
       4
       6
       4
       5
       0
       3
       4
       4
       0
       4
       5
       3
       2
       5
       3
       1
       3
       2
       4
       1
       2
       4
       4
       2
       2
       3
       0
       1
       2
       5
       4
       6
       4
       4
       3
       3
       2
       5
       2
       3
       1
       0
       5
       0
       2
       2
       1
       0
       1
       1
       1
       2
       2
       0
       1
       5
       2
       2
       1
       2
       3
       0
       0
       3
       4
       2
       1
       3
       2
       0
       2
       3
       2
       3
       3
       0
       6
       0
       1
       2
       0
       2
       0
       0
       0
       1
       3
       2
       0
       1
       0
       2
       1
       0
       3
       3
       2
       2
       1
       1
       1
       3
       3
       2
       5
       1
       2
       2
       1
       1
       2
       2
       0
       1
       2
       2
       3
       2
       1
       3
       1
       2
       4
       5
       2
       5
       2
       2
       3
       1
       1
       1
       2
       2
       4
       2
       3
       2
       1
       0
       2
       3
       1
       3
       2
       2
       2
       3
       5
       3
       3
       1
       3
       3
       4
       1
       4
       2
       1
       0
       3
       1
       4
       5
       1
       2
       1
       3
       4
       0
       2
       3
       1
       3
       3
       3
       7
       3
       1
       4
       4
       2
       3
       1
       5
       2
       9
       7
       2
       4
       2
       5
       3
       4
       2
       4
       5
       3
       3
       6
       7
       5
       4
       6
       6
       1
       6
       7
       4
       7
       7
      10
       4
       5
       4
      12
       4
       5
      12
      11
       7
      10
      10
       6
       6
      10
      13
       8
      10
       8
      10
       9
       6
      16
      15
       6
       7
      16
      14
      11
      14
      14
      17
      13
      17
      11
      13
      18
      18
      16
      19
      13
      22
      22
      22
      20
      12
      11
      18
      16
      20
      13
      23
      19
      18
      20
      25
      20
      26
      15
      25
      19
      21
      16
      23
      23
      27
      25
      19
      25
      18
      21
      16
      28
      20
      21
      16
      17
      22
      22
      19
      18
      26
      22
      33
      24
      19
      23
      24
      16
      24
      16
      15
      17
      22
      23
      16
      16
      19
      23
      18
       9
      16
      22
      18
      19
      17
      20
      18
      16
      15
      20
      16
      19
      10
      10
      18
      18
      12
      17
      14
      19
      10
      13
      17
      15
      19
      16
       9
      10
      16
       9
       8
       5
      11
       8
      10
      10
      11
      10
       7
       5
       5
       7
      12
       6
       8
       8
       6
       7
       2
       7
       3
       6
       8
       9
       6
       5
       2
       4
       9
       3
       6
       5
       3
       7
       2
       4
       3
       1
       5
       2
       2
       3
       7
       6
       1
       2
       5
       1
       2
       3
       2
       1
       5
       3
       2
       1
       1
       1
       1
       0
       0
       1
       1
       2
       1
       0
       1
       1
       0
       1
       1
       1
       2
       1
       0
       1
       0
       0
       0
       1
       0
       0
       0
       0
       0
       1
       0
       1
       0
       0
       0
       0
       0
       0
       0
       1
       1
       0
       1
       0
       1
       0
       1
       0
       0
       1
       0
       0
       0
       3
       0
       0
       1
       0
       0
       1
       0
       0
       1
       0
       1
       1
       0
       3
       0
       0
       0
       0
       0
       0
       2
       2
       0
       0
       0
       1
       1
       0
       0
       0
       1
       0
       0
       0
       0
       0
       0
       1
       0
       0
       0
       1
       0
       0
       0
       0
       1
       1
       0
       1
       0
       0
       2
       0
       0
       0
       0
       0
       4
       1
       1
       0
       1
       2
       0
       0
       0
       1
       0
       0
       0
       1
       1
       2
       0
       0
       0
       0
       1
       0
       1
       0
       1
       0
       0
       0
       0
       0
       0
       0
       0
       1
       1
       1
       0
       1
       1
       0
       1
       0
       0
       1
       0
       0
       0
       0
       0
       0
       2
       0
       2
       0
       2
       0
       2
       0
       0
       0
       1
       1
       1
       0
       1
       1
       0
       1
       1
       0
       0
       0
       0
       0
       0
       1
       4
       1
       1
       2
       0
       0
       0
       0
       1
       0
       0
       1
       0
       0
       0
       1
       0
       0
       1
       1
       1
       0
       0
       1
       0
       1
       0
       0
       1
       1
       0
       1
       0
       0
       0
       0
       0
       1
       0
       0
       0
       0
       0
       0
       1
       0
       0
       0
       1
       1
       0
       0
       0
       0
       2
       2
       0
       0
       2
       0
       0
       0
       1
       0
       1
       0
       1
       1
       2
       2
       0
       0
       0
       1
       0
       1
       1
       0
       0
       1
       2
       0
       2
       0
       0
       0
       0
       0
       0
       0
       0
       0
       0
       2
       0
       1
       1
       1
       0
       0
       0
       0
       0
       1
       1
       0
       0
       1
       0
       0
       2
       1
       0
       2
       0
       1
       0
       1
       0
       0
       0
       0
       0
       0
       1
       2
       0
       0
       0
       0
       0
       0
       0
       1
       1
       1
       0
       1
       1
       0
       0
       0
       0
       0
       0
       1
       1
       0
       1
       0
       0
       0
       0
       2
       0
       0
       0
       0
       0
       0
       0
       0
       0
       0
       1
       0
       1
       0
       0
       1
       0
       1
       0
       0
       0
       0
       0
       1
       0
       0
       0
       0
       2
       1
       1
       0
       0
       0
       0
       0
       0
       0
       0
       0
       0
       0
       1
       0
       0
       0
       0
       0
       0
       0
       0
       1
       0
       0
       0
       0
       0
       1
       0
       1
       2
       2
       0
       0
       1
       1
       0
       0
       0
       0
       0
       0
       1
       0
       0
       0
       0
       0
       0
       0
       0
       0
       0
       0
       0
       0
       0
       0
       0
       0
       0
       0
       0
       0
       0
       0
       0
       0
       0
       0
       0
       0
       0
       0
       0
       0
       0
       0
       0
$ROI:
0
$PRESETS:
None
0
0
$ENER_FIT:
0.000000 0.376289
$MCA_CAL:
3
0.000000E+000 3.762887E-001 0.000000E+000 keV
$SHAPE_CAL:
3
1.061399E+002 0.000000E+000 0.000000E+000
