$SPEC_ID:
Scatter
$SPEC_REM:
DET# 2
DETDESC# JLAB-9 MCB 136
AP# Maestro Version 7.01
$DATE_MEA:
11/14/2022 16:28:57
$MEAS_TIM:
604 608
$DATA:
0 2047
       0
       0
       0
       0
       0
       0
       0
       0
       0
       0
       0
       0
       0
       0
       0
       0
       0
       0
       0
       0
       0
       0
       0
       0
       0
       0
       0
       0
       0
       0
       0
       0
       0
       0
       0
       0
       0
       0
       0
       0
       0
       0
       0
       0
       0
       0
       0
       0
       0
       0
       0
       0
       0
       0
       0
       0
       0
       0
       0
       0
       0
       0
       0
       0
       0
       0
       0
       0
       0
       0
       0
       0
       0
       0
       0
       0
       0
       0
       0
       0
       0
       0
       1
       1
       2
       1
       2
       1
       0
       1
       0
       2
       1
       4
       2
       0
       2
       1
       2
       1
       1
       2
       0
       2
       1
       0
       0
       2
       5
       0
       1
       2
       1
       3
       3
       1
       2
       0
       0
       1
       0
       2
       2
       1
       2
       1
       2
       1
       2
       1
       1
       3
       3
       2
       3
       2
       5
       1
       2
       1
       5
       2
       1
       5
       2
       1
       2
       1
       2
       1
       1
       2
       0
       2
       0
       6
       6
       1
       2
       4
       3
       3
       2
       2
       4
       2
       3
       2
       3
       7
       2
       3
       4
       3
       2
       7
       3
       2
       8
       6
       3
       1
       1
       5
       7
       3
       5
       4
       3
       2
       1
       7
       6
       5
       2
       7
       7
       2
       4
       5
       5
       3
       6
       5
       5
       5
       0
       6
       2
       4
       3
       3
       2
       2
       3
       1
       6
       2
       3
       3
       1
       1
       6
       3
       6
       1
       3
       1
       5
       1
       7
       2
       6
       2
       0
       0
       6
       2
       4
       3
       3
       5
       3
       4
       3
       3
       2
       4
       4
       3
       6
       4
       4
       4
       6
       6
       4
       4
       7
       4
       9
       5
       6
       7
       8
       5
       4
       3
       7
       7
       4
       3
       4
       3
       5
       6
       7
       9
       4
       3
      12
      12
       2
       7
       5
       8
       6
       8
       5
       6
       5
       4
       3
       3
       3
       2
       5
      12
       6
       4
       7
       9
       6
       2
       7
       8
       5
       8
       9
       9
       4
       7
       2
       1
       8
       8
       7
       8
       7
       9
      12
       7
       6
       6
      12
       3
       6
       6
       8
       9
       4
       7
       6
       6
       7
       6
       3
       6
       5
      12
      11
       8
      10
      10
       4
      14
       9
       7
       7
      10
       9
      11
      13
       9
      12
      16
       9
       7
       9
      14
       7
       8
      14
       8
      14
       5
       8
      14
      10
      17
      13
      12
       7
      11
      11
      13
       7
      11
      12
      11
      10
       8
      14
       9
      14
      15
      10
      13
      14
      14
      19
      17
      18
      18
      19
      13
      11
      12
      15
      15
      17
      16
      14
      16
      11
      13
      26
      19
      27
      26
      22
      19
      21
      15
      21
      14
      21
      22
      24
      20
      20
      14
      25
      19
      22
      24
      24
      18
      25
      24
      26
      24
      20
      23
      29
      31
      24
      18
      16
      20
      36
      23
      28
      26
      22
      24
      28
      15
      22
      30
      21
      20
      19
      28
       9
      23
      16
      23
      17
      21
      10
      13
      14
      15
      17
      20
      11
      13
      12
      10
      14
       8
      14
      13
       8
      12
      10
       6
      13
       9
       5
      13
       1
       8
       6
       6
       5
       6
       7
       8
      10
       9
       4
       4
       2
       7
       9
       1
       7
       7
       4
       2
       6
       3
       5
       1
       8
       4
       2
       9
       4
       3
       4
       6
       6
       5
       3
       1
       2
       5
       5
       6
       2
       4
       2
       7
       6
       4
       2
       2
       4
       2
       2
       3
       0
       3
       4
       2
       2
       2
       1
       1
       1
       1
       1
       2
       1
       4
       2
       2
       3
       0
       2
       2
       3
       0
       4
       4
       1
       1
       2
       1
       3
       2
       2
       1
       5
       2
       1
       2
       2
       1
       1
       1
       3
       1
       1
       4
       2
       0
       3
       0
       3
       0
       2
       2
       3
       1
       2
       2
       2
       0
       1
       2
       3
       2
       2
       3
       2
       2
       2
       1
       1
       1
       1
       1
       2
       0
       0
       0
       0
       0
       1
       2
       2
       2
       0
       1
       1
       2
       1
       0
       1
       3
       1
       0
       0
       3
       0
       0
       0
       2
       1
       1
       1
       1
       1
       0
       2
       2
       0
       1
       3
       1
       1
       1
       0
       2
       0
       0
       0
       1
       2
       0
       1
       0
       1
       1
       0
       2
       1
       5
       1
       1
       1
       0
       1
       2
       2
       0
       3
       3
       1
       1
       0
       1
       0
       1
       0
       1
       0
       0
       1
       1
       2
       0
       2
       1
       1
       1
       1
       2
       0
       0
       0
       2
       1
       1
       1
       3
       2
       0
       1
       2
       1
       1
       0
       0
       1
       3
       1
       1
       0
       0
       2
       1
       0
       3
       0
       0
       0
       2
       3
       1
       0
       2
       1
       1
       2
       1
       1
       1
       0
       3
       1
       2
       1
       1
       1
       0
       1
       0
       0
       2
       0
       0
       1
       1
       1
       0
       2
       1
       0
       1
       0
       2
       0
       0
       1
       0
       0
       0
       0
       3
       0
       1
       0
       0
       0
       1
       0
       1
       1
       0
       0
       0
       0
       2
       1
       0
       1
       1
       1
       2
       0
       1
       1
       1
       4
       0
       0
       1
       0
       0
       1
       0
       1
       0
       2
       2
       1
       0
       0
       2
       1
       0
       0
       1
       1
       0
       2
       0
       3
       2
       2
       3
       0
       0
       0
       4
       1
       0
       1
       0
       1
       2
       0
       0
       0
       2
       0
       0
       0
       2
       1
       2
       1
       1
       1
       0
       1
       0
       0
       1
       0
       2
       0
       1
       0
       1
       0
       1
       0
       0
       2
       1
       0
       0
       1
       0
       1
       2
       1
       0
       0
       0
       1
       0
       0
       0
       1
       0
       1
       1
       1
       2
       0
       3
       0
       0
       1
       2
       0
       0
       1
       1
       0
       0
       0
       0
       1
       0
       0
       2
       0
       0
       0
       0
       1
       1
       1
       2
       0
       1
       0
       2
       1
       0
       0
       1
       1
       1
       0
       0
       0
       1
       0
       0
       1
       1
       0
       1
       2
       0
       0
       0
       0
       0
       1
       1
       0
       0
       0
       0
       0
       0
       0
       0
       1
       0
       1
       0
       1
       0
       0
       1
       1
       3
       0
       2
       2
       0
       1
       0
       0
       0
       0
       0
       0
       0
       2
       0
       0
       0
       0
       0
       0
       0
       0
       1
       1
       0
       1
       0
       0
       0
       1
       1
       0
       0
       0
       1
       0
       1
       1
       0
       1
       2
       0
       1
       0
       0
       0
       1
       0
       0
       0
       0
       1
       0
       0
       1
       1
       1
       0
       1
       0
       1
       0
       1
       2
       0
       0
       0
       0
       0
       0
       1
       0
       0
       0
       0
       0
       0
       0
       2
       0
       1
       0
       0
       0
       1
       0
       0
       0
       0
       0
       1
       1
       1
       0
       2
       0
       0
       1
       0
       0
       1
       0
       0
       2
       0
       0
       1
       2
       0
       0
       0
       0
       0
       0
       0
       0
       1
       2
       0
       0
       1
       2
       0
       1
       1
       1
       1
       0
       0
       0
       0
       0
       0
       0
       0
       0
       1
       1
       0
       0
       0
       0
       0
       0
       1
       0
       0
       1
       1
       0
       0
       0
       1
       0
       1
       0
       1
       1
       1
       1
       2
       1
       0
       2
       0
       0
       0
       0
       0
       1
       0
       2
       3
       0
       0
       0
       1
       1
       0
       0
       0
       0
       2
       0
       0
       0
       1
       0
       0
       1
       2
       1
       0
       1
       0
       1
       0
       0
       0
       0
       0
       0
       1
       0
       0
       0
       0
       0
       0
       0
       1
       0
       1
       0
       1
       0
       0
       0
       0
       0
       1
       2
       1
       0
       0
       0
       1
       0
       0
       1
       0
       1
       1
       0
       0
       0
       0
       0
       0
       2
       0
       0
       0
       0
       0
       0
       0
       0
       1
       0
       0
       1
       0
       1
       0
       1
       0
       0
       0
       0
       0
       0
       0
       1
       0
       0
       2
       0
       1
       1
       0
       0
       0
       0
       0
       0
       0
       0
       0
       0
       0
       0
       0
       0
       1
       0
       0
       0
       0
       0
       0
       0
       0
       0
       0
       0
       0
       1
       0
       0
       0
       0
       1
       0
       0
       0
       0
       0
       0
       1
       0
       0
       1
       0
       0
       0
       0
       1
       1
       0
       0
       0
       0
       0
       0
       0
       0
       0
       2
       2
       0
       1
       1
       0
       1
       0
       0
       1
       0
       0
       1
       1
       0
       0
       0
       0
       0
       1
       0
       0
       2
       1
       2
       0
       0
       0
       0
       0
       0
       0
       0
       0
       0
       0
       0
       1
       1
       0
       0
       0
       0
       1
       0
       1
       0
       0
       0
       0
       0
       0
       0
       0
       0
       0
       0
       0
       0
       0
       0
       1
       0
       1
       0
       1
       1
       0
       0
       1
       1
       1
       0
       0
       0
       0
       2
       0
       0
       0
       0
       1
       0
       1
       0
       0
       0
       0
       0
       1
       0
       0
       0
       1
       0
       1
       0
       1
       1
       0
       1
       0
       0
       1
       0
       0
       0
       0
       0
       0
       0
       0
       0
       0
       0
       0
       0
       1
       1
       0
       0
       1
       1
       0
       0
       1
       1
       0
       1
       1
       0
       0
       0
       0
       0
       0
       1
       1
       0
       0
       0
       1
       1
       1
       0
       0
       0
       1
       0
       1
       0
       0
       0
       0
       0
       0
       1
       1
       0
       0
       0
       0
       0
       1
       0
       0
       0
       0
       1
       0
       0
       1
       0
       0
       1
       2
       0
       1
       1
       0
       0
       0
       1
       0
       0
       1
       0
       0
       0
       1
       0
       0
       0
       1
       0
       0
       1
       0
       2
       0
       1
       0
       0
       0
       1
       0
       0
       0
       0
       0
       0
       0
       0
       0
       0
       0
       0
       0
       0
       0
       0
       0
       0
       0
       0
       0
       0
       0
       0
       0
       0
       1
       0
       0
       0
       0
       1
       0
       0
       0
       1
       0
       1
       0
       0
       0
       0
       0
       0
       0
       0
       0
       0
       0
       0
       0
       1
       0
       0
       0
       0
       0
       0
       0
       0
       0
       0
       0
       0
       0
       0
       0
       0
       0
       0
       0
       0
       0
       0
       1
       0
       0
       0
       0
       0
       0
       0
       0
       0
       0
       0
       0
       0
       0
       0
       0
       0
       0
       0
       0
       0
       0
       0
       0
       0
       0
       0
       0
       0
       0
       0
       0
       0
       0
       0
       0
       0
       0
       1
       0
       0
       0
       0
       0
       0
       0
       0
       0
       0
       1
       0
       0
       0
       0
       1
       0
       0
       0
       0
       1
       0
       0
       0
       0
       0
       0
       0
       0
       0
       0
       0
       0
       0
       0
       0
       0
       0
       0
       0
       0
       0
       0
       0
       0
       0
       1
       1
       0
       0
       0
       0
       0
       0
       0
       0
       0
       0
       0
       0
       0
       0
       0
       0
       0
       1
       0
       0
       0
       0
       0
       0
       0
       0
       0
       0
       0
       0
       0
       0
       0
       0
       0
       0
       0
       0
       0
       0
       0
       0
       0
       0
       1
       1
       0
       0
       0
       0
       0
       0
       0
       0
       0
       0
       0
       0
       0
       0
       1
       0
       0
       0
       0
       0
       0
       0
       0
       0
       0
       0
       0
       0
       0
       0
       0
       0
       1
       1
       0
       0
       0
       0
       0
       0
       0
       0
       0
       0
       0
       0
       0
       0
       0
       0
       0
       0
       0
       1
       0
       0
       0
       0
       0
       0
       0
       0
       2
       0
       0
       0
       1
       0
       0
       0
       0
       1
       0
       0
       0
       0
       0
       0
       0
       0
       0
       0
       0
       2
       2
       0
       0
       0
       0
       0
       1
       0
       0
       0
       0
       0
       0
       0
       0
       0
       0
       0
       0
       0
       0
       0
       0
       0
       0
       0
       0
       0
       0
       0
       0
       0
       0
       0
       0
       0
       1
       0
       0
       0
       0
       0
       0
       0
       0
       0
       0
       0
       0
       0
       0
       0
       0
       0
       0
       0
       0
       0
       0
       0
       0
       0
       0
       1
       0
       0
       0
       1
       0
       0
       0
       0
       0
       0
       0
       1
       0
       0
       0
       0
       0
       0
       1
       1
       0
       0
       0
       0
       0
       0
       1
       0
       0
       0
       0
       0
       0
       0
       0
       0
       0
       0
       0
       0
       0
       0
       0
       0
       0
       0
       0
       1
       0
       2
       0
       0
       0
       0
       0
       0
       0
       0
       0
       0
       0
       1
       0
       0
       0
       0
       0
       0
       1
       0
       0
       0
       0
       0
       0
       0
       1
       0
       0
       0
       0
       0
       0
       0
       0
       0
       0
       0
       0
       0
       0
       0
       0
       0
       0
       0
       0
       0
       0
       0
       0
       0
       0
       0
       0
       0
       0
       1
       0
       0
       0
       0
       0
       0
       0
       0
       0
       1
       0
       1
       0
       0
       0
       0
       0
       0
       1
       0
       0
       0
       0
       0
       0
       0
       0
       0
       0
       0
       0
       0
       0
       0
       0
       0
       0
       0
       2
       0
       0
       0
       0
       0
       0
       0
       0
       0
       0
       0
       0
       0
       0
       0
       2
       0
       0
       0
       0
       0
       0
       0
       0
       0
       0
       0
       0
       0
       0
       0
       0
       0
       0
       0
       0
       0
       0
       0
       0
       0
       0
       0
       0
       0
       0
       0
       0
       0
       0
       0
       0
       0
       0
       0
       0
       0
       0
       0
       0
       0
       0
       0
       0
       0
$ROI:
0
$PRESETS:
None
0
0
$ENER_FIT:
0.000000 0.376604
$MCA_CAL:
3
0.000000E+000 3.766040E-001 0.000000E+000 keV
$SHAPE_CAL:
3
9.515098E+001 0.000000E+000 0.000000E+000
