$SPEC_ID:
Scatter
$SPEC_REM:
DET# 2
DETDESC# JLAB-9 MCB 136
AP# Maestro Version 7.01
$DATE_MEA:
11/14/2022 16:40:23
$MEAS_TIM:
870 874
$DATA:
0 2047
       0
       0
       0
       0
       0
       0
       0
       0
       0
       0
       0
       0
       0
       0
       0
       0
       0
       0
       0
       0
       0
       0
       0
       0
       0
       0
       0
       0
       0
       0
       0
       0
       0
       0
       0
       0
       0
       0
       0
       0
       0
       0
       0
       0
       0
       0
       0
       0
       0
       0
       0
       0
       0
       0
       0
       0
       0
       0
       0
       0
       0
       0
       0
       0
       0
       0
       0
       0
       0
       0
       0
       0
       0
       0
       0
       0
       0
       0
       0
       0
       0
       3
       4
       4
       2
       3
       4
       3
       6
       6
       3
       2
      10
       8
       5
      10
       3
       3
       7
       3
       5
       6
       4
       6
       4
       3
       3
       4
       5
       2
       3
       8
       4
       5
       4
       5
       8
       3
       5
       6
       4
       3
       4
       5
       8
       8
       7
       5
       5
      10
       4
       3
       5
      10
       5
       4
       8
       7
       6
       2
       6
       3
       5
       1
       5
       6
       3
       7
       7
       6
       5
       7
       7
       5
       5
      10
       5
       7
       3
      11
       5
       8
       7
       8
       8
       5
       7
       1
       7
       6
       5
      11
       9
       6
       7
       1
       5
       7
      10
       8
       6
      11
       5
       8
       9
       6
      12
      12
       2
      10
       8
      11
       9
       7
      11
       9
       7
       6
      10
       8
       6
       7
      11
      10
       8
       9
       8
      12
       5
      10
       5
       6
       8
      10
       8
       8
      11
       5
       6
       4
      10
       4
       6
       3
       6
       4
       6
       6
       7
       6
      10
       9
       3
       5
      13
       7
       7
       6
       5
      11
       6
      11
       6
       7
      15
       9
      11
       8
       9
       8
      10
       9
      11
      14
       7
       8
       9
       8
      17
      12
       8
      12
      10
       9
      13
      11
       7
       6
      13
       7
       8
       5
      15
       9
       9
       8
       8
       9
      22
      17
       4
       7
      11
       5
       8
       9
       9
      13
       8
      14
       8
      11
      11
       9
       8
      10
      10
       9
      10
      15
       7
      11
       8
       9
       7
      12
       7
       6
       8
      10
      11
      13
       4
       9
       8
      11
      12
      21
       7
      12
      13
      12
      13
      11
      10
       8
       7
      11
       8
       8
      11
       8
      10
       7
       5
      13
      10
       8
      11
      16
       5
       7
      11
       7
       9
       9
       6
       5
      13
       4
      10
       6
      10
       8
      19
      21
       6
       6
      15
      13
      12
      12
       8
       6
       9
      15
      11
       9
       7
       9
      10
      13
       8
       7
      12
      10
       8
      10
      12
       9
       8
      11
      11
      14
      20
       8
      10
      15
       6
       6
       6
      11
      14
       9
      10
       9
       9
      11
       9
       9
      10
      12
      10
       9
       5
       9
      17
      13
       5
      11
      10
       8
      10
      14
       7
       5
      11
      14
      10
       5
      10
       6
      12
      13
      11
       9
       9
      14
       6
       7
      12
       4
       7
      11
      11
       6
       9
      10
      10
      12
       7
       3
      15
      12
       6
      15
      16
      12
       6
       4
       5
       6
      11
       8
       5
       4
       7
      11
      10
       8
      18
      12
      11
       9
       8
       8
       5
       3
       4
       5
      11
      12
       9
      11
       9
       2
       5
      10
       9
       9
       9
       7
      12
       9
       8
       7
       9
       8
       7
      11
       5
      13
       5
       7
       9
      11
       5
       6
       9
       3
       9
      10
      11
       6
      10
       8
      10
      13
       4
       7
       6
       3
      13
       5
       3
       9
       9
       6
       4
       9
       9
       8
       5
      13
      10
       3
       8
       5
       8
       4
       4
       9
       6
       6
       6
      10
       7
      11
       5
       6
       4
       6
       5
       5
       9
      11
       6
       6
       6
       7
       5
       7
       5
       6
       7
       2
       5
       4
       5
       5
       6
       4
       6
       5
       6
       5
       6
      11
      11
       5
       6
       4
      10
       7
       7
       3
       6
       4
       3
       6
       6
      10
       6
       7
      10
       8
       4
       2
      12
       4
       6
       4
       2
       5
       2
      11
       6
       5
      10
       6
       5
      10
       6
       7
       3
       7
      11
       6
       3
       7
       4
      11
       7
       4
       4
       3
       7
       3
       6
       7
      10
       1
       8
       5
       8
       5
       4
       7
       4
      10
       6
       4
       1
       3
       1
       3
       2
       8
       2
       5
       6
       4
       8
       7
      10
       4
      10
       7
       6
       2
       6
       2
       4
       3
       4
       5
       8
       3
       7
       7
       8
       2
       4
       5
       3
      10
       6
       7
       5
       6
       5
       6
       8
       7
       9
       6
       2
       2
       3
       4
       5
       7
       4
       7
       4
       5
       9
       4
       6
       9
       3
       6
       1
       5
       5
       8
       4
       7
       2
       3
       2
       9
       4
       6
       8
      10
       7
       5
       7
       4
      10
       8
       9
       8
       5
       5
      11
       7
       4
       6
       3
       9
       7
      11
       8
       5
      11
       1
      10
       5
       2
       7
       7
       6
       4
      10
       7
       9
       5
      10
       5
       3
       5
       9
       6
      12
       8
       7
       8
       8
      11
       6
       6
       4
       5
       7
       3
      10
       3
       3
      11
       5
       6
       4
       9
       5
       6
       6
       7
       4
      11
      12
       9
      10
       8
      11
      13
       9
      11
       7
       9
      12
       8
      12
      10
       6
      10
      12
      15
      13
      13
      12
      11
       8
      19
       8
       9
      11
      14
      14
      10
      10
      10
      13
      17
      14
      14
      13
      12
      12
      12
       9
      12
      19
      13
      12
       5
      15
      17
      15
      11
      15
      14
      13
       8
      17
      18
      17
      13
      17
       8
      19
      14
      15
      10
      19
      10
      10
      10
      13
      17
      12
       8
       9
      17
      12
      16
       9
      13
      12
      16
      13
      12
      17
      26
      12
      17
      15
      14
      13
      19
      12
      21
       9
      19
      14
      15
      10
      17
      16
      17
      12
       7
      17
      15
      12
      20
      15
      13
      15
      11
      12
      26
      17
      20
      14
      22
      12
      19
      21
      11
      13
      15
       9
      14
      11
      14
      12
      11
      10
      20
      21
      17
      17
      11
      20
      24
      18
      22
      15
      13
      13
      13
       9
      19
      13
      15
      19
      11
      24
      10
      14
      15
      16
      13
      14
      15
      22
      11
      10
      11
       7
      18
       9
      12
      13
      11
      16
      10
       6
       7
      11
      13
       8
      12
      15
       9
      13
      13
      15
      15
       8
      15
      12
      17
       6
      10
       8
       9
       9
      11
      11
      17
      15
      10
       9
      11
       8
      10
       8
      13
      14
      11
       9
       4
       5
       6
       9
       4
       8
       4
      13
       7
      10
       9
      10
       2
       9
       8
       5
       6
      11
       7
       6
       6
       8
       5
       7
       5
       7
       6
       5
       7
       8
       4
       4
       3
       5
       7
       8
       5
       6
       2
       8
       3
       6
       0
       5
       3
       3
       8
       3
       2
       8
       4
       5
       4
       8
       1
       5
       1
       5
       2
       4
       2
       1
       4
       3
       6
       5
       3
       1
       3
       2
       1
       3
       3
       1
       4
       4
       0
       1
       5
       3
       5
       3
       1
       3
       3
       1
       0
       2
       0
       2
       5
       2
       2
       5
       3
       3
       2
       3
       0
       2
       2
       3
       0
       2
       3
       1
       0
       3
       0
       0
       2
       2
       0
       1
       0
       5
       2
       2
       2
       1
       3
       0
       0
       1
       0
       2
       2
       0
       3
       0
       1
       1
       1
       1
       2
       2
       1
       1
       0
       1
       1
       1
       2
       1
       1
       2
       2
       2
       1
       1
       1
       1
       1
       1
       1
       1
       0
       0
       1
       0
       1
       2
       0
       1
       0
       0
       1
       0
       0
       0
       1
       0
       0
       2
       0
       0
       1
       1
       0
       0
       1
       1
       1
       2
       1
       0
       0
       0
       2
       0
       0
       0
       2
       0
       1
       0
       0
       0
       1
       0
       0
       1
       0
       1
       0
       0
       1
       0
       0
       0
       1
       0
       0
       1
       1
       0
       0
       0
       0
       0
       0
       0
       0
       0
       1
       0
       1
       0
       1
       0
       0
       0
       1
       0
       0
       0
       0
       0
       0
       0
       1
       1
       0
       0
       0
       0
       0
       0
       0
       0
       0
       0
       0
       0
       1
       0
       0
       1
       0
       0
       1
       0
       1
       0
       1
       0
       0
       2
       1
       2
       1
       0
       1
       1
       0
       0
       0
       0
       0
       0
       1
       0
       1
       2
       0
       0
       0
       0
       1
       0
       0
       0
       0
       0
       1
       0
       0
       2
       0
       1
       0
       0
       0
       0
       0
       0
       0
       0
       1
       0
       0
       0
       1
       0
       0
       0
       0
       2
       0
       0
       0
       0
       1
       0
       0
       0
       1
       0
       0
       0
       0
       0
       0
       0
       1
       0
       0
       0
       0
       0
       0
       1
       2
       0
       0
       0
       0
       1
       0
       1
       2
       0
       0
       0
       1
       0
       0
       0
       1
       1
       0
       0
       0
       0
       0
       0
       1
       0
       0
       0
       1
       0
       2
       0
       0
       0
       0
       1
       0
       0
       1
       0
       0
       0
       0
       0
       0
       1
       0
       0
       0
       1
       0
       0
       0
       0
       0
       0
       1
       0
       0
       0
       0
       0
       0
       0
       0
       0
       0
       1
       0
       0
       0
       0
       1
       0
       0
       0
       0
       0
       0
       2
       0
       0
       0
       0
       0
       0
       0
       0
       0
       2
       0
       0
       0
       0
       0
       0
       0
       0
       1
       0
       1
       2
       0
       0
       0
       1
       0
       0
       0
       0
       0
       0
       0
       1
       0
       0
       0
       1
       0
       1
       0
       0
       0
       0
       0
       1
       0
       1
       0
       1
       0
       0
       0
       0
       0
       1
       0
       0
       0
       0
       0
       0
       1
       0
       0
       0
       0
       0
       0
       0
       0
       0
       0
       0
       0
       1
       0
       2
       0
       1
       0
       0
       0
       0
       1
       0
       0
       0
       0
       0
       0
       0
       0
       0
       1
       0
       0
       0
       0
       0
       0
       0
       0
       0
       0
       0
       0
       0
       1
       0
       0
       0
       0
       0
       0
       1
       0
       0
       0
       0
       0
       0
       1
       0
       0
       0
       0
       0
       0
       0
       0
       0
       0
       0
       0
       1
       0
       1
       0
       0
       0
       0
       0
       0
       0
       0
       0
       0
       0
       0
       0
       0
       0
       0
       0
       0
       0
       1
       0
       1
       0
       1
       0
       0
       0
       0
       0
       0
       0
       0
       0
       0
       0
       1
       0
       0
       0
       0
       0
       0
       0
       0
       0
       0
       0
       0
       0
       0
       0
       0
       0
       1
       0
       0
       0
       0
       0
       0
       0
       0
       0
       0
       0
       0
       0
       0
       1
       0
       0
       0
       0
       0
       0
       0
       0
       0
       0
       0
       0
       0
       1
       0
       0
       0
       0
       1
       0
       0
       0
       0
       1
       0
       0
       0
       0
       0
       1
       0
       0
       0
       0
       0
       0
       0
       0
       0
       0
       0
       1
       0
       0
       0
       1
       0
       0
       0
       0
       0
       0
       0
       0
       0
       0
       0
       0
       0
       0
       0
       0
       0
       0
       0
       0
       0
       0
       0
       2
       0
       0
       0
       0
       0
       0
       0
       0
       0
       0
       0
       0
       0
       0
       0
       0
       1
       0
       0
       0
       0
       0
       0
       0
       0
       1
       0
       0
       0
       0
       0
       0
       0
       0
       0
       0
       0
       0
       0
       0
       0
       0
       0
       0
       0
       0
       0
       1
       0
       0
       0
       1
       0
       0
       1
       1
       0
       0
       0
       0
       0
       1
       0
       0
       0
       0
       0
       0
       0
       0
       0
       1
       0
       0
       0
       0
       0
       0
       0
       0
       0
       0
       1
       0
       0
       0
       0
       0
       0
       0
       1
       0
       0
       0
       0
       0
       0
       0
       0
       0
       0
       1
       0
       0
       0
       1
       0
       0
       0
       0
       0
       0
       0
       0
       0
       0
       0
       0
       0
       0
       0
       0
       0
       0
       0
       0
       0
       0
       0
       0
       1
       0
       0
       0
       0
       1
       0
       0
       0
       0
       0
       0
       0
       0
       0
       0
       0
       0
       0
       0
       0
       0
       0
       0
       0
       0
       0
       1
       0
       0
       0
       0
       0
       0
       0
       0
       0
       0
       0
       1
       0
       1
       0
       0
       0
       0
       0
       1
       0
       0
       0
       0
       0
       1
       0
       0
       0
       0
       0
       0
       0
       0
       0
       0
       0
       0
       2
       0
       0
       1
       0
       0
       1
       1
       0
       0
       0
       0
       0
       0
       0
       0
       0
       0
       0
       0
       1
       1
       0
       0
       0
       1
       0
       0
       0
       0
       0
       1
       0
       0
       1
       0
       0
       0
       0
       0
       0
       0
       0
       0
       0
       0
       0
       0
       0
       0
       0
       0
       0
       0
       0
       0
       0
       0
       0
       0
       0
       0
       1
       1
       0
       0
       0
       0
       0
       0
       0
       0
       0
       0
       0
       0
       0
       0
       0
       0
       1
       0
       0
       0
       0
       1
       0
       0
       0
       0
       1
       2
       1
       0
       0
       0
       0
       0
       0
       0
       0
       0
       0
       0
       0
       0
       0
       0
       0
       0
       0
       0
       0
       0
       0
       0
       0
       1
       0
       1
       0
       0
       0
       0
       0
       0
       0
       0
       0
       0
       0
       0
       0
       0
       0
       0
       0
       0
       0
       0
       0
       1
       0
       0
       0
       0
       0
       0
       0
       0
       0
       0
       0
       0
       0
       0
       0
       0
       0
       0
       0
       0
       0
       0
       0
       0
       0
       0
       0
       0
       0
       0
       0
       0
       0
       0
       0
       0
       0
$ROI:
0
$PRESETS:
None
0
0
$ENER_FIT:
0.000000 0.376604
$MCA_CAL:
3
0.000000E+000 3.766040E-001 0.000000E+000 keV
$SHAPE_CAL:
3
9.515098E+001 0.000000E+000 0.000000E+000
