$SPEC_ID:
Scatter
$SPEC_REM:
DET# 2
DETDESC# JLAB-9 MCB 136
AP# Maestro Version 7.01
$DATE_MEA:
11/14/2022 15:49:05
$MEAS_TIM:
891 895
$DATA:
0 2047
       0
       0
       0
       0
       0
       0
       0
       0
       0
       0
       0
       0
       0
       0
       0
       0
       0
       0
       0
       0
       0
       0
       0
       0
       0
       0
       0
       0
       0
       0
       0
       0
       0
       0
       0
       0
       0
       0
       0
       0
       0
       0
       0
       0
       0
       0
       0
       0
       0
       0
       0
       0
       0
       0
       0
       0
       0
       0
       0
       0
       0
       0
       0
       0
       0
       0
       0
       0
       0
       0
       0
       0
       0
       0
       0
       0
       0
       0
       0
       0
       0
       0
       2
       1
       3
       3
       1
       2
       1
       3
       2
       4
       3
       2
       0
       4
       1
       1
       0
       3
       2
       3
       2
       1
       4
       3
       1
       3
       3
       2
       2
       4
       3
       2
       5
       5
       4
       2
       5
       2
       4
       2
       2
       6
       6
       6
       3
      10
       5
       5
       1
       4
       4
       7
       2
       3
       1
       3
       3
       6
       2
       3
       2
       7
       5
       0
       2
       5
       4
       5
       4
       7
       3
       5
       4
       3
       5
       6
       3
       4
       3
       6
       6
       7
       2
       5
       4
       6
       2
       8
       5
       3
       7
       5
       1
       4
       3
       3
       1
       4
       2
       2
       8
       5
       6
       3
       9
       7
       5
      12
       4
      11
       6
       5
       5
       9
       7
       6
       5
       8
       9
       4
       3
       5
       3
       6
       3
       7
       5
      10
       9
       4
       7
       6
       2
       5
       3
       6
       7
       7
       7
       3
       7
       5
      12
       5
       5
       6
      12
       6
       7
       8
       7
       8
       3
       8
       9
       3
      10
       6
       8
       5
       8
       8
       4
      10
       7
      10
      14
       3
       6
       5
       6
       6
       6
       7
       4
      10
       4
       2
       5
      13
       8
       8
       4
       7
       7
       4
      13
       8
       3
       7
      12
       9
       5
       3
       9
       9
       7
      10
       7
       8
       6
       6
       6
      10
      13
       4
       7
      12
      12
      13
      11
       7
       2
       8
      12
      11
       6
       5
      10
       7
       7
       6
      14
       9
       7
      10
       8
      12
      13
      13
      12
       6
       9
       6
       8
      13
       5
       9
      12
       9
      13
       7
      10
       7
       5
       5
       5
      10
      11
       7
      13
      10
      16
       5
       6
       5
      10
       7
      11
      10
      15
       3
       8
       9
       8
       8
       8
       6
      12
       5
       8
       7
       8
      12
      11
       8
       6
       9
      11
       5
       9
      11
       8
       9
      11
       8
       6
       6
       7
      10
       8
       5
       7
      14
      12
      12
       7
       8
       8
       8
       8
      10
      10
       8
       5
       4
      10
       3
       9
       8
       3
       9
       7
       7
       9
       3
       5
       5
       7
       8
       8
       8
       7
       4
      10
       6
       6
       7
       6
       7
       7
       5
       9
       9
      13
       9
       8
       9
      12
      10
      11
       4
       8
       7
       6
       6
       5
       5
       6
      11
      11
       3
       4
       7
       9
       8
       5
       3
       4
       1
       6
       2
       8
       8
      10
       9
       8
       7
      10
       7
       8
       6
       6
      11
      11
       8
       8
       6
       4
       6
       5
       6
       4
      11
      12
       9
       7
       7
       5
      10
       9
       9
       9
       6
       7
       6
       6
       4
       8
      11
       9
       4
      11
      11
      10
       5
       7
       3
       8
       3
       6
       6
       6
      13
       7
       7
       5
       9
       9
       5
       7
       9
       9
       9
       5
      13
       5
       6
      13
       6
       9
       8
      10
       9
       7
       7
       3
       5
      11
       8
       9
       7
       5
      11
       9
      10
      10
      11
      10
      11
      15
       6
       7
       9
       7
      12
      10
      11
      14
      16
       7
       6
       7
       7
       9
      14
      10
      17
       8
       6
       5
       8
      11
      15
      13
      16
       8
       6
      20
      11
      13
      13
      13
       9
      15
      12
      12
      13
      13
       8
      11
      14
      14
       7
      17
      11
       6
      13
      16
      12
      13
       8
      12
       8
      13
      13
      12
      12
      21
      16
      13
      13
      11
      14
      25
      15
      18
      10
      12
      17
      16
      12
      22
      24
      10
      23
      25
      17
      15
      16
      15
      18
      19
      13
      19
      12
      28
      26
      12
      12
      19
      21
      15
      21
      15
      14
      17
      23
      23
      17
      21
      18
      17
      24
      18
      16
      23
      15
      21
      16
      28
      18
      17
      18
      17
      20
      17
      17
      16
      11
      21
      18
      21
      16
      14
      20
      15
      26
      20
      13
      16
      23
      10
      19
      26
      23
      17
      13
      12
      19
      14
      16
      14
      19
      25
      20
      12
      17
      15
      26
      15
      10
       6
      15
      22
      19
       5
      13
      20
      14
       6
      12
      15
      13
      13
      10
       6
      15
      12
      14
      10
      14
      16
       7
      15
      11
       8
       4
      11
       9
       6
       8
       9
       5
       9
      13
       6
       6
      11
       7
       6
       3
       7
       8
      13
       7
       4
       8
       6
       9
       4
       5
       7
       5
       3
       6
       6
      11
       6
       2
       5
       3
       9
       6
       6
       3
       4
       8
       3
       5
       7
       3
       5
       4
       5
       6
       3
       2
       5
       3
       6
       1
       7
       1
       2
       7
       1
       7
       3
       2
       1
       3
       5
       2
       2
       5
       3
       0
       3
       0
       4
       2
       5
       4
       3
       2
       2
       2
       6
       1
       2
       4
       1
       2
       4
       2
       2
       3
       2
       3
       4
       3
       1
       3
       2
       2
       1
       5
       2
       3
       6
       2
       4
       1
       1
       2
       2
       0
       1
       1
       2
       0
       2
       2
       2
       1
       1
       0
       0
       1
       1
       3
       1
       4
       3
       3
       1
       0
       0
       4
       3
       0
       3
       2
       1
       4
       0
       2
       1
       4
       4
       2
       0
       3
       1
       3
       1
       1
       1
       1
       0
       1
       1
       3
       0
       1
       1
       0
       1
       1
       3
       0
       1
       0
       1
       2
       2
       1
       0
       0
       2
       1
       0
       1
       1
       2
       1
       0
       2
       0
       1
       1
       1
       1
       1
       1
       2
       1
       2
       3
       1
       1
       2
       0
       2
       1
       1
       1
       1
       1
       2
       1
       0
       0
       1
       2
       0
       0
       2
       1
       0
       2
       1
       1
       0
       1
       1
       1
       1
       0
       3
       1
       1
       0
       0
       0
       1
       0
       1
       1
       0
       1
       1
       0
       0
       0
       0
       1
       0
       2
       1
       1
       2
       0
       1
       0
       1
       0
       0
       0
       0
       0
       2
       0
       2
       1
       0
       0
       0
       0
       2
       0
       0
       1
       1
       1
       2
       0
       0
       0
       0
       0
       0
       0
       0
       1
       0
       0
       1
       0
       0
       0
       1
       1
       1
       0
       0
       1
       1
       1
       1
       0
       1
       0
       0
       0
       0
       0
       2
       1
       0
       1
       0
       0
       0
       0
       1
       0
       1
       0
       0
       0
       0
       0
       2
       0
       0
       1
       0
       0
       0
       1
       0
       0
       2
       0
       1
       1
       0
       0
       0
       1
       1
       3
       0
       0
       2
       0
       1
       0
       0
       0
       1
       0
       1
       0
       1
       1
       0
       0
       1
       0
       1
       3
       0
       1
       2
       0
       1
       0
       3
       0
       1
       0
       0
       2
       0
       0
       0
       1
       1
       2
       3
       2
       1
       0
       1
       2
       1
       1
       0
       1
       1
       0
       0
       1
       0
       1
       0
       1
       3
       0
       0
       1
       0
       1
       0
       1
       0
       1
       1
       1
       1
       2
       0
       0
       0
       0
       1
       1
       0
       1
       1
       0
       0
       0
       0
       0
       1
       1
       0
       0
       1
       1
       0
       1
       0
       0
       0
       0
       0
       1
       1
       0
       1
       1
       0
       0
       0
       0
       0
       1
       0
       2
       0
       0
       0
       0
       0
       0
       0
       0
       0
       0
       0
       0
       1
       1
       0
       0
       2
       1
       0
       0
       0
       2
       1
       0
       0
       1
       0
       0
       0
       0
       0
       0
       0
       0
       0
       0
       0
       0
       0
       0
       1
       0
       0
       0
       0
       0
       0
       0
       0
       0
       0
       0
       0
       0
       0
       0
       0
       0
       0
       0
       0
       0
       0
       0
       0
       0
       0
       1
       0
       0
       0
       0
       0
       0
       0
       1
       1
       1
       1
       0
       0
       1
       0
       0
       0
       0
       1
       1
       0
       1
       0
       0
       0
       0
       1
       0
       0
       0
       1
       0
       0
       0
       0
       0
       1
       0
       0
       0
       0
       0
       1
       0
       1
       0
       0
       0
       1
       0
       1
       1
       0
       0
       0
       0
       0
       0
       0
       0
       0
       1
       1
       0
       0
       0
       1
       0
       0
       1
       0
       0
       0
       0
       0
       0
       0
       0
       1
       1
       0
       0
       0
       0
       0
       0
       0
       1
       1
       0
       0
       0
       1
       0
       0
       0
       0
       0
       0
       0
       0
       1
       0
       1
       1
       1
       0
       0
       0
       1
       0
       0
       0
       0
       0
       0
       0
       1
       0
       0
       0
       1
       0
       0
       0
       0
       0
       0
       0
       0
       0
       0
       0
       1
       0
       0
       0
       0
       0
       0
       0
       0
       2
       0
       1
       0
       0
       0
       0
       1
       0
       0
       0
       0
       0
       0
       0
       0
       0
       1
       1
       1
       1
       0
       0
       0
       0
       0
       0
       0
       0
       1
       0
       0
       0
       0
       0
       0
       0
       0
       1
       0
       0
       0
       1
       1
       0
       0
       0
       1
       0
       0
       0
       0
       0
       0
       0
       0
       0
       0
       0
       0
       0
       0
       0
       0
       0
       0
       0
       0
       1
       0
       0
       0
       0
       1
       0
       0
       0
       2
       0
       0
       0
       0
       0
       0
       0
       1
       0
       0
       0
       0
       0
       0
       0
       0
       0
       0
       0
       0
       0
       1
       0
       0
       0
       0
       0
       1
       0
       0
       0
       0
       0
       0
       0
       0
       0
       0
       1
       0
       0
       0
       0
       1
       0
       0
       0
       0
       1
       0
       0
       0
       0
       0
       0
       0
       0
       1
       0
       0
       0
       0
       1
       1
       0
       0
       0
       1
       0
       1
       0
       0
       0
       1
       0
       0
       0
       0
       0
       0
       0
       0
       0
       1
       0
       0
       0
       1
       0
       0
       0
       0
       0
       0
       0
       1
       0
       1
       0
       0
       0
       1
       0
       0
       1
       0
       0
       0
       0
       0
       0
       0
       0
       0
       0
       0
       0
       0
       0
       0
       1
       0
       0
       0
       0
       0
       0
       0
       0
       1
       0
       0
       0
       0
       0
       0
       0
       1
       0
       0
       0
       0
       0
       0
       0
       0
       0
       0
       1
       0
       0
       0
       0
       0
       0
       0
       0
       1
       0
       0
       1
       1
       0
       0
       0
       0
       0
       0
       0
       0
       0
       0
       0
       0
       0
       0
       0
       0
       0
       0
       0
       1
       0
       0
       0
       0
       0
       0
       0
       0
       0
       0
       0
       0
       0
       0
       0
       0
       0
       0
       0
       0
       1
       1
       1
       0
       0
       0
       0
       0
       0
       0
       1
       0
       0
       0
       0
       0
       0
       1
       0
       0
       0
       0
       0
       0
       1
       1
       0
       0
       0
       0
       1
       0
       0
       0
       0
       0
       0
       1
       0
       0
       0
       0
       0
       0
       0
       0
       1
       0
       0
       0
       0
       0
       0
       0
       0
       0
       0
       0
       0
       0
       0
       0
       1
       0
       0
       0
       0
       1
       1
       0
       0
       0
       0
       0
       0
       0
       0
       1
       0
       0
       0
       0
       0
       0
       1
       0
       0
       0
       0
       0
       0
       0
       0
       0
       0
       0
       0
       0
       0
       0
       0
       0
       0
       0
       0
       0
       0
       0
       0
       0
       0
       0
       1
       0
       0
       0
       1
       0
       0
       0
       0
       1
       0
       1
       0
       0
       0
       0
       0
       0
       0
       0
       0
       0
       0
       1
       0
       0
       0
       0
       0
       0
       0
       0
       0
       0
       0
       0
       0
       1
       0
       0
       0
       0
       0
       0
       0
       0
       0
       0
       0
       0
       0
       0
       0
       0
       0
       0
       0
       1
       0
       0
       0
       0
       0
       0
       0
       0
       0
       0
       2
       0
       0
       0
       0
       0
       0
       1
       0
       0
       0
       0
       0
       0
       0
       0
       0
       0
       0
       0
       0
       0
       0
       0
       0
       1
       0
       0
       0
       0
       0
       0
       0
       0
       0
       0
       0
       0
       0
       0
       1
       0
       1
       1
       1
       0
       0
       0
       0
       0
       0
       0
       0
       0
       0
       1
       0
       0
       1
       0
       1
       0
       1
       0
       0
       0
       0
       0
       1
       0
       0
       0
       0
       0
       0
       0
       0
       0
       0
       0
       1
       0
       0
       0
       0
       1
       0
       0
       0
       1
       0
       0
       0
       1
       0
       1
       0
       0
       0
       0
       0
       0
       0
       0
       0
       0
       0
       1
       0
       0
       0
       0
       0
       0
       0
       0
       0
       0
       1
       0
       0
       0
       0
       0
       0
       0
       0
       0
       0
       0
       0
       0
       0
       0
       0
       0
       0
       0
       0
       0
       0
       0
       1
       0
       0
       0
       0
       0
       2
       0
       0
       0
       0
       0
       0
       0
       1
       0
       0
       0
       0
       0
       0
       0
       0
       0
       0
       0
       0
       0
       0
       0
       0
       0
       0
       0
       1
       0
       0
       0
       0
       0
       0
       0
       1
       1
       0
       0
       0
       0
       0
       0
       0
       0
       0
       0
       0
       0
       0
       0
       0
       0
       0
       0
       0
       0
       0
       0
       0
       0
       0
       0
       0
       0
       0
       0
       0
       0
       0
       0
       0
       0
$ROI:
0
$PRESETS:
None
0
0
$ENER_FIT:
0.000000 0.376604
$MCA_CAL:
3
0.000000E+000 3.766040E-001 0.000000E+000 keV
$SHAPE_CAL:
3
9.515098E+001 0.000000E+000 0.000000E+000
