$SPEC_ID:
Scatter
$SPEC_REM:
DET# 2
DETDESC# JLAB-9 MCB 136
AP# Maestro Version 7.01
$DATE_MEA:
11/18/2022 11:41:15
$MEAS_TIM:
84 91
$DATA:
0 2047
       0
       0
       0
       0
       0
       0
       0
       0
       0
       0
       0
       0
       0
       0
       0
       0
       0
       0
       0
       0
       0
       0
       0
       0
       0
       0
       0
       0
       0
       0
       0
       0
       0
       0
       0
       0
       0
       0
       0
       0
       0
       0
       0
       0
       0
       0
       0
       0
       0
       0
       0
       0
       0
       0
       0
       0
       0
       0
       0
       0
       0
       0
       0
       0
       0
       0
       0
       0
       0
       0
       0
       0
       0
       0
       0
       0
       0
       0
       0
       0
       0
    2477
    8206
    8746
    9267
    9509
    9640
    9343
    9204
    8665
    8054
    7653
    6865
    6064
    5478
    5001
    4324
    3707
    3292
    2873
    2443
    2221
    1861
    1551
    1438
    1215
    1001
     878
     771
     682
     604
     536
     482
     429
     421
     412
     392
     402
     405
     397
     416
     395
     388
     419
     416
     461
     468
     458
     533
     494
     513
     556
     577
     573
     610
     590
     667
     637
     672
     711
     690
     664
     681
     751
     794
     764
     734
     726
     695
     717
     697
     692
     713
     737
     695
     634
     640
     653
     647
     632
     594
     628
     648
     674
     672
     641
     678
     738
     754
     739
     745
     773
     782
     793
     811
     849
     820
     833
     825
     897
     859
     838
     856
     819
     846
     862
     848
     795
     890
     823
     820
     841
     857
     928
     913
     944
     967
    1022
     999
    1103
    1124
    1171
    1306
    1372
    1391
    1550
    1651
    1732
    1810
    1895
    1951
    2139
    2194
    2426
    2500
    2689
    2758
    2865
    2813
    2931
    3153
    3101
    3206
    3081
    2943
    3079
    3077
    2870
    2842
    2677
    2558
    2512
    2341
    2032
    2012
    1745
    1656
    1526
    1281
    1217
    1105
     933
     842
     741
     632
     583
     531
     488
     429
     411
     371
     350
     294
     319
     298
     293
     274
     291
     244
     276
     268
     269
     289
     270
     249
     255
     267
     269
     241
     266
     269
     254
     299
     259
     300
     262
     269
     275
     318
     264
     273
     282
     324
     290
     315
     299
     309
     310
     332
     315
     345
     348
     357
     353
     339
     348
     340
     348
     332
     366
     356
     358
     383
     371
     400
     387
     375
     384
     391
     391
     396
     398
     398
     368
     372
     385
     361
     353
     355
     327
     357
     311
     333
     331
     316
     345
     312
     310
     342
     304
     318
     301
     289
     313
     269
     294
     293
     284
     276
     274
     280
     267
     269
     264
     264
     263
     297
     293
     287
     301
     268
     288
     292
     341
     332
     294
     266
     289
     285
     296
     321
     321
     300
     290
     277
     320
     311
     326
     309
     289
     306
     319
     358
     335
     388
     371
     339
     335
     349
     359
     379
     383
     340
     364
     371
     366
     378
     382
     377
     327
     372
     368
     396
     410
     353
     405
     416
     387
     413
     400
     404
     407
     390
     426
     435
     403
     399
     431
     401
     450
     404
     428
     411
     424
     423
     416
     387
     454
     416
     395
     399
     422
     419
     430
     401
     390
     413
     421
     440
     403
     395
     401
     378
     359
     401
     405
     370
     355
     337
     342
     390
     356
     361
     343
     375
     327
     324
     352
     322
     373
     314
     330
     313
     359
     321
     312
     333
     319
     310
     313
     308
     325
     291
     327
     303
     313
     307
     304
     320
     285
     282
     315
     305
     300
     299
     311
     306
     273
     280
     295
     293
     277
     250
     308
     265
     277
     243
     280
     300
     275
     305
     262
     257
     232
     274
     262
     282
     264
     251
     241
     269
     266
     282
     228
     256
     257
     240
     269
     246
     228
     216
     247
     228
     228
     244
     230
     217
     214
     241
     214
     219
     215
     230
     223
     208
     193
     193
     220
     192
     208
     205
     216
     211
     208
     163
     183
     193
     191
     209
     195
     197
     203
     189
     194
     205
     204
     178
     162
     180
     212
     159
     190
     179
     182
     217
     174
     176
     171
     176
     165
     189
     187
     180
     168
     168
     172
     184
     175
     168
     165
     167
     186
     201
     185
     175
     152
     164
     164
     166
     161
     163
     159
     159
     186
     164
     149
     163
     152
     176
     145
     161
     157
     153
     163
     136
     154
     165
     154
     166
     156
     139
     168
     169
     164
     167
     156
     164
     132
     146
     143
     150
     143
     139
     149
     122
     147
     122
     143
     134
     146
     137
     161
     147
     146
     128
     152
     136
     132
     146
     138
     146
     129
     139
     167
     141
     144
     153
     131
     141
     134
     139
     154
     136
     139
     146
     161
     147
     131
     142
     165
     146
     144
     134
     139
     156
     157
     148
     163
     175
     177
     151
     146
     174
     173
     174
     211
     187
     197
     197
     199
     198
     203
     188
     217
     213
     217
     211
     234
     231
     228
     286
     228
     237
     252
     293
     281
     248
     246
     242
     272
     262
     284
     280
     304
     311
     287
     278
     325
     320
     301
     312
     309
     317
     329
     340
     331
     334
     352
     325
     324
     362
     341
     294
     342
     357
     332
     373
     335
     359
     351
     323
     341
     386
     342
     350
     382
     338
     353
     385
     334
     398
     390
     374
     381
     396
     397
     403
     414
     400
     448
     397
     421
     436
     448
     456
     400
     387
     472
     482
     480
     451
     475
     466
     510
     517
     445
     526
     478
     518
     533
     533
     512
     571
     513
     520
     513
     507
     494
     584
     549
     558
     537
     519
     534
     538
     512
     555
     516
     522
     549
     527
     522
     509
     526
     524
     513
     496
     547
     479
     443
     490
     499
     479
     470
     424
     409
     474
     410
     401
     408
     407
     372
     386
     400
     414
     380
     366
     396
     360
     312
     335
     322
     329
     262
     334
     290
     310
     281
     271
     293
     314
     289
     258
     283
     296
     280
     263
     293
     292
     258
     289
     276
     300
     290
     296
     328
     331
     336
     310
     317
     326
     369
     391
     346
     384
     386
     411
     408
     438
     444
     505
     512
     500
     528
     524
     524
     600
     586
     565
     598
     626
     708
     696
     671
     701
     746
     734
     769
     806
     798
     783
     816
     844
     813
     887
     839
     876
     985
     904
    1000
     980
    1024
    1071
    1095
    1042
    1065
    1021
    1123
    1141
    1151
    1084
    1131
    1116
    1191
    1181
    1146
    1192
    1189
    1179
    1182
    1215
    1199
    1232
    1150
    1233
    1276
    1237
    1235
    1112
    1202
    1220
    1177
    1166
    1168
    1150
    1138
    1143
    1149
    1110
    1132
    1099
    1161
    1098
    1099
    1037
    1012
     972
    1028
     963
    1004
     922
     919
     827
     864
     886
     884
     837
     784
     785
     821
     810
     815
     759
     742
     724
     682
     659
     662
     630
     642
     637
     567
     566
     557
     539
     498
     517
     474
     491
     476
     474
     449
     447
     464
     419
     401
     384
     385
     422
     390
     377
     378
     374
     359
     326
     372
     334
     359
     337
     366
     337
     327
     332
     328
     334
     286
     271
     288
     303
     290
     294
     296
     271
     273
     294
     334
     267
     279
     280
     242
     265
     228
     235
     235
     233
     243
     225
     201
     227
     221
     187
     198
     194
     200
     180
     191
     155
     210
     169
     169
     163
     162
     173
     158
     153
     130
     116
     135
     140
     136
     130
     113
     110
     156
     119
     118
     114
     106
     105
     104
     108
     116
      91
     104
     100
      93
      96
      89
      73
      87
      69
      83
      84
      66
      71
      62
      79
      79
      61
      70
      72
      72
      71
      88
      46
      82
      70
      80
      81
      70
      66
      58
      61
      67
      71
      79
      73
      52
      46
      70
      45
      64
      72
      64
      58
      68
      76
      85
      69
      74
      57
      82
      74
      75
      58
      60
      77
      86
      70
      71
      65
      77
      80
      89
      64
      76
      79
      72
      77
      67
      70
      71
      83
      73
      73
      78
      80
      68
      79
      73
      54
      66
      68
      84
      84
      76
      69
      73
      73
      81
      58
      74
      58
      63
      80
      72
      75
      85
      45
      71
      54
      67
      48
      54
      55
      65
      59
      62
      52
      66
      63
      48
      61
      44
      39
      39
      43
      61
      45
      34
      42
      44
      36
      33
      42
      37
      40
      31
      26
      41
      41
      47
      25
      30
      30
      32
      33
      41
      35
      24
      15
      29
      29
      30
      15
      25
      25
      16
      27
      22
      23
      16
      26
      20
      33
      24
      25
      19
      22
      22
      25
      20
      17
      16
      16
      16
      23
      15
      12
      16
      15
       9
      19
      16
      12
      19
      21
      12
       9
      19
      16
      14
      15
      11
       9
      13
      13
      12
      13
      10
      15
       6
      12
      19
      11
       9
      12
       9
       6
      15
      13
      17
      10
      17
       9
       8
      10
      16
      14
      12
      14
       9
      12
       9
       9
       7
      12
      11
      11
      16
      12
      14
      11
      10
      10
      11
       9
      11
       9
      12
      10
      10
      13
      12
       9
       8
      16
      16
      10
      10
       6
       8
      11
       6
      14
      11
      11
      10
       9
      12
      11
       6
      10
      12
      18
      11
       9
      11
       9
      10
      13
      12
      10
       4
      10
       9
       8
      10
       7
       6
      12
       8
       9
      11
      13
       8
       7
       5
      11
       4
       5
       5
       8
       7
       9
       9
      12
       7
       6
      10
       6
      12
      10
       9
       8
      12
       7
       3
       8
      11
      10
       6
       8
       9
       6
       6
       5
      10
       9
       6
       4
       7
       3
      13
       4
       3
      11
       9
       7
       8
       5
       6
       7
      14
       7
       6
       7
      11
       1
       8
       8
       7
       7
       8
      10
      11
       5
       6
      10
      10
       9
      10
      11
       6
       9
       9
       6
       4
      10
       7
       7
       7
       9
       3
       6
      12
       4
      11
      11
       6
       6
      12
       4
       9
       5
       9
       3
      11
       8
       7
       4
       7
       6
      12
       6
       8
       5
       7
       7
       5
       8
       6
       5
       4
       4
      11
       8
       9
       8
       7
      15
      11
       4
       7
      10
       7
      10
       7
       6
      14
      11
      13
       4
       7
       6
      11
       7
       8
       6
       7
       9
       7
       8
       8
       3
      11
       5
       8
       5
       5
       7
      10
       9
       8
      10
       8
       8
       6
       7
       5
       4
       8
       5
       5
       5
      10
       9
       5
       7
       8
       4
       3
       5
       6
       1
       5
      11
       6
       6
       7
      12
       7
       6
       8
       9
       8
      11
       3
       9
       5
       4
       9
       7
       7
       5
      13
       8
       7
       9
       2
       6
       3
       9
       6
       4
       8
       8
      12
       8
       7
       8
      11
      10
       9
       4
       4
       5
       2
      10
       7
       9
      11
       4
      12
       5
       6
       3
       5
      11
      11
       7
       4
       8
       5
       3
       4
       7
       9
       8
       6
      10
       4
       7
       4
       7
       7
       4
      12
       7
       4
       8
       6
       9
       3
       7
       8
       6
       2
       6
       5
       9
      11
      10
      11
       3
      10
       8
       5
       6
       5
       5
       3
       9
       4
       8
       7
       5
       3
       7
       9
       8
       4
       6
       9
       6
       4
      10
      10
      10
       9
       5
       9
       4
       8
       7
       9
      12
       7
       7
       1
       6
       4
       9
       5
       4
       6
      10
       4
       6
       4
       4
       6
       6
       4
       8
       5
       7
       6
      10
       7
       6
       3
       7
       9
       9
       8
      12
       4
       7
      12
       5
       9
       9
       6
       3
       6
       8
       9
       3
       7
       4
       7
       2
       8
       7
       4
       5
       6
       7
      12
       5
       9
       5
       8
       8
       3
       9
      10
       5
       8
       3
       8
       6
       7
       6
       7
       7
       3
       9
       7
       9
       3
       4
       4
       0
       7
       4
       5
       6
       7
       4
       7
      14
       7
       6
       6
       4
       4
       1
       1
       7
       2
       3
       5
       8
       4
       8
       5
       6
       2
       7
       5
       5
       8
       2
       4
       4
       6
       6
       1
       3
       4
       5
       3
       4
       3
       6
       5
       5
       3
       6
       5
       3
       6
       4
       4
       3
       3
       4
       3
       6
       4
       5
       6
       5
       4
       8
       2
       7
       4
       7
       2
       1
       3
       7
       4
       3
       1
       5
       0
       1
       2
       4
       3
       3
       4
       5
       6
       2
       3
       3
       1
       5
       4
       2
       5
       6
       4
       4
       3
       3
       8
       6
       3
       4
       3
       3
       4
       0
       6
       1
       3
       8
       3
       4
       3
       3
       5
       7
       5
       2
       5
       3
       2
       2
       3
       2
       4
       3
       3
       3
       4
       2
       1
       1
       4
       5
       2
       2
       4
       4
       2
       3
       1
       3
       3
       3
       4
       5
       3
       7
       2
       1
       5
       3
       5
       6
       2
       3
       1
       5
       4
       1
       3
       3
       1
       3
       4
       3
       4
       1
       4
       1
       3
       3
       3
       4
       2
       2
       2
       2
       4
       4
       5
       2
       1
       3
       3
       5
       2
       0
       1
       2
       2
       5
       2
       3
       2
       6
       4
       2
       4
       2
       0
       3
       0
       5
       4
       2
       1
       3
       1
       1
       2
       2
       1
       4
       1
       0
       1
       3
       1
       3
       4
       0
       5
       2
       2
       1
       2
       0
       1
       1
       0
       1
       1
       2
       1
       2
       2
       2
       3
       1
       4
       4
       2
       1
       2
       2
       2
       5
       0
       2
       1
       0
       2
       1
       3
       3
       4
       1
       0
       2
       1
       1
       0
       1
       0
       2
       3
       2
       2
       3
       3
       2
       1
       0
       2
       2
       3
       2
       1
       0
       2
       2
       3
       1
       4
       2
       1
       1
       1
       1
       0
       1
       2
       1
       1
       2
       3
       2
       2
       2
       1
       3
       1
       2
       1
       0
       0
       1
       2
       1
       0
       2
       3
       0
       0
       1
       2
       3
       2
       1
       2
       3
       2
       4
       2
       4
       1
       1
       1
       2
       4
       2
       2
       0
       0
       0
       0
       0
       0
       0
       0
       0
       0
       0
       0
       0
       0
       0
       0
       0
       0
       0
       0
       0
       0
       0
       0
       0
       0
       0
       0
       0
       0
       0
       0
$ROI:
0
$PRESETS:
None
0
0
$ENER_FIT:
0.000000 0.376604
$MCA_CAL:
3
0.000000E+000 3.766040E-001 0.000000E+000 keV
$SHAPE_CAL:
3
9.515098E+001 0.000000E+000 0.000000E+000
