$SPEC_ID:
Target
$SPEC_REM:
DET# 1
DETDESC# JLAB-9 MCB 135
AP# Maestro Version 7.01
$DATE_MEA:
11/18/2022 11:42:59
$MEAS_TIM:
59 62
$DATA:
0 2047
       0
       0
       0
       0
       0
       0
       0
       0
       0
       0
       0
       0
       0
       0
       0
       0
       0
       0
       0
       0
       0
       0
       0
       0
       0
       0
       0
       0
       0
       0
       0
       0
       0
       0
       0
       0
       0
       0
       0
       0
       0
       0
       0
       0
       0
       0
       0
       0
       0
       0
       0
       0
       0
       0
       0
       0
       0
       0
       0
       0
       0
       0
       0
       0
       0
       0
       0
       0
       0
       0
       0
       0
       0
       0
       0
       0
       0
       0
       0
       2
    3957
    5349
    4870
    4301
    3802
    3193
    2756
    2418
    1914
    1624
    1477
    1225
    1019
     860
     714
     595
     557
     405
     313
     265
     213
     206
     143
     139
     126
     132
     115
     108
      91
     107
     122
     120
     106
     117
     147
     114
     139
     153
     141
     169
     161
     205
     204
     196
     229
     229
     229
     229
     238
     259
     256
     265
     294
     289
     277
     318
     314
     240
     267
     266
     240
     253
     230
     222
     228
     253
     250
     225
     255
     214
     275
     279
     300
     323
     295
     328
     314
     343
     348
     350
     355
     347
     306
     324
     344
     328
     343
     352
     319
     313
     302
     291
     283
     302
     260
     260
     265
     315
     256
     280
     291
     359
     355
     343
     369
     411
     486
     518
     564
     626
     741
     816
     880
     891
    1029
    1127
    1209
    1302
    1338
    1345
    1456
    1502
    1459
    1458
    1421
    1396
    1366
    1288
    1217
    1109
    1068
     932
     791
     771
     599
     537
     521
     404
     393
     324
     260
     244
     212
     177
     163
     148
     131
     131
     122
     102
     120
     118
     104
     110
     112
      95
     122
     109
      94
     104
     119
     106
     100
     123
     104
     105
      98
     115
     123
     106
      99
      95
      98
     118
     128
     109
     101
     116
     118
     117
     113
     119
     102
     138
     126
     118
     124
     108
     131
     127
     131
     139
     138
     127
     143
     150
     148
     135
     131
     153
     168
     142
     177
     159
     135
     156
     161
     141
     136
     143
     150
     160
     147
     141
     156
     142
     119
     145
     124
     139
     122
     131
     143
     140
     134
     121
     134
     126
     132
     139
     117
     138
     136
     130
     129
     127
     125
     148
     151
     132
     140
     127
     147
     166
     171
     162
     156
     144
     159
     175
     170
     182
     153
     151
     127
     172
     153
     187
     168
     178
     188
     150
     165
     174
     175
     198
     167
     188
     191
     184
     195
     160
     181
     191
     225
     208
     207
     195
     172
     208
     218
     210
     214
     209
     220
     224
     212
     208
     216
     243
     189
     219
     221
     203
     209
     195
     223
     202
     200
     221
     194
     206
     175
     216
     208
     205
     185
     178
     169
     170
     169
     183
     175
     178
     147
     176
     159
     140
     160
     134
     132
     133
     171
     136
     148
     145
     156
     127
     115
     126
     143
     129
     125
     126
     119
     138
     109
     134
     124
     119
     115
     111
     103
     114
     114
     110
     103
     102
     101
     100
     113
     102
      87
      83
     102
     109
      97
      96
      96
      86
      99
      99
     104
     110
      83
      83
      85
      84
      82
      73
      88
      83
     102
      62
      75
      73
      78
      95
      74
      75
      67
      72
      48
      68
      69
      90
      72
      73
      68
      70
      65
      54
      86
      70
      72
      48
      74
      77
      57
      57
      59
      54
      62
      55
      61
      52
      56
      71
      63
      46
      40
      50
      53
      51
      51
      64
      61
      66
      48
      59
      49
      61
      55
      53
      50
      69
      56
      66
      51
      65
      53
      59
      62
      52
      58
      48
      47
      53
      49
      41
      60
      48
      48
      63
      51
      50
      61
      54
      52
      51
      39
      46
      41
      59
      40
      53
      46
      44
      44
      53
      56
      54
      45
      53
      55
      47
      45
      43
      44
      40
      33
      35
      55
      41
      39
      38
      55
      38
      39
      37
      34
      35
      44
      52
      42
      39
      43
      45
      48
      41
      45
      44
      37
      51
      56
      42
      38
      43
      47
      51
      50
      47
      47
      48
      46
      46
      42
      46
      51
      59
      53
      59
      61
      61
      54
      61
      66
      61
      82
      65
      74
      77
      82
      75
      75
      77
      62
      75
      76
      76
      99
      92
      79
     112
      86
      81
     103
      99
     125
      90
      93
     105
      74
     119
     119
     121
     115
     107
     111
     105
     113
      91
     140
     114
     119
     119
     128
     120
     115
     148
     109
     117
     125
     111
     135
     102
     155
     112
     139
     138
     126
     141
     165
     146
     158
     134
     147
     151
     138
     152
     170
     149
     143
     148
     176
     135
     187
     176
     155
     164
     175
     171
     168
     202
     180
     157
     184
     163
     169
     165
     163
     172
     151
     183
     181
     166
     173
     198
     203
     166
     177
     184
     155
     170
     183
     178
     177
     157
     181
     180
     144
     163
     142
     183
     157
     146
     145
     155
     147
     150
     138
     126
     158
     124
     136
     102
     135
     141
     120
     111
     115
     111
     111
     108
     106
      85
      94
      90
     104
      91
      99
      76
      91
     100
      82
      92
      97
      91
      93
     100
      84
     100
      96
      88
      94
      97
     118
     112
     146
     125
     122
     132
     121
     144
     159
     148
     168
     145
     152
     184
     191
     200
     223
     203
     229
     214
     241
     223
     249
     245
     264
     262
     310
     285
     304
     307
     285
     314
     319
     314
     325
     320
     334
     344
     316
     321
     354
     338
     392
     394
     394
     393
     403
     379
     363
     378
     386
     379
     393
     409
     416
     400
     387
     387
     375
     385
     410
     415
     426
     385
     399
     390
     375
     369
     378
     399
     388
     363
     332
     361
     328
     377
     369
     342
     362
     316
     341
     310
     319
     321
     290
     267
     296
     260
     278
     294
     268
     231
     235
     256
     215
     228
     200
     207
     170
     208
     201
     189
     161
     195
     173
     161
     166
     168
     144
     134
     131
     132
     129
     126
     136
     125
     129
     101
     110
     111
     119
     100
      89
     108
      89
      87
      81
      86
      92
      88
      72
      89
      83
      86
      73
      82
      72
      81
      66
      75
      56
      59
      57
      78
      67
      71
      57
      72
      59
      66
      53
      61
      54
      45
      49
      46
      57
      48
      51
      52
      49
      40
      31
      43
      39
      33
      38
      31
      21
      25
      31
      38
      29
      27
      38
      30
      22
      23
      26
      16
      25
      20
      23
      21
      22
      19
      19
      24
      17
      22
      24
      20
      17
      17
      13
      17
      15
      16
      13
      23
      20
      13
      16
      12
      13
      16
       6
      12
      12
      12
      13
      10
      11
      12
      14
      13
       8
      12
      17
      18
      14
       9
      11
      12
      12
      18
      15
       8
       6
      18
      16
      12
      14
       9
      14
      14
      14
      11
      11
       4
      19
      18
      16
      10
      19
       9
      13
      14
      14
      14
      20
      16
      12
      10
      13
      21
      14
      13
      20
      13
       6
      13
      11
      12
      15
       8
      13
      13
      16
      15
      14
       8
       6
       7
      16
       8
      12
      11
       9
      17
      10
       9
       9
      15
       8
       9
       5
      11
       7
       6
       4
      12
      15
      13
      11
       7
       9
       7
      12
       3
       9
       6
       6
      11
      10
       3
       5
       4
       7
       6
       9
       4
       8
       7
       9
       4
       5
       9
       0
       6
       3
       4
       7
       3
       3
       8
       7
       5
       2
       4
       3
       5
       7
       6
       8
       5
       4
       6
       7
       5
       1
       6
       5
       8
       5
       4
       2
       3
       3
       4
       8
       4
       3
       4
       9
       1
       6
       4
       3
       5
       1
       7
       6
       4
       3
       3
       6
      10
       5
       7
       5
       5
       5
       5
       1
       6
       6
       5
       6
       2
       5
       3
       2
       5
       3
       6
       4
       5
       4
       1
       2
       2
       1
       4
       3
       4
       4
       5
       3
       2
       5
       4
       1
       6
       6
       6
       2
       4
       7
       2
       4
       1
       1
       5
       5
       6
       2
       3
       6
       3
       2
       3
       3
       4
       1
       3
       5
       2
       5
       3
       4
       4
       6
       5
       2
       2
       2
       3
       2
       2
       2
       3
       2
       5
       0
       5
       6
       7
       3
       3
       4
       3
       2
       6
       2
       1
       7
       3
       7
       2
       5
       5
       4
       1
       6
       4
       3
       3
       4
       3
       2
       4
       3
       3
       1
       3
       6
       0
       3
       3
       3
       6
       2
       6
       3
       3
       1
       0
       5
       4
       1
       5
       4
       3
       3
       2
       4
       3
       6
       5
       3
       3
       0
       0
       2
       7
       1
       5
       0
       4
       2
       3
       3
       3
       4
       1
       8
       3
       5
       2
       5
       8
       3
       0
       3
       6
       4
       3
       6
       2
       6
       4
       4
       1
       3
       1
       1
       1
       5
       5
       3
       6
       3
       3
       2
       3
       4
       4
       7
       5
       4
       3
       4
       2
       5
       5
       1
       5
       6
       5
       3
       5
       4
       4
       4
       1
       4
       3
       4
       4
       5
       6
       5
       5
       3
       1
       0
       4
       2
       2
       6
       2
       2
       4
       0
       3
       8
       2
       3
       2
       3
       7
       1
       4
       5
       3
       4
       6
       2
       4
       5
       8
       1
       2
       2
       6
       2
       4
       1
       6
       5
       1
       6
       8
       5
       4
       3
       6
       3
       4
       6
       3
       6
       7
       0
      10
       5
       2
       3
       2
       5
       1
      10
       4
       3
       6
       2
       5
       5
       5
       2
       2
       4
       5
       3
       2
       5
       3
       2
       3
       3
       7
       5
       3
       6
       0
       4
       2
       3
      10
       4
      10
       4
       4
       3
       6
       5
       5
       1
       7
       6
       4
       4
       3
      10
       5
       7
       4
       5
       5
       2
       4
       4
       7
       5
      10
       5
       1
       5
       3
       3
       7
      10
       4
      10
       6
       9
       5
       6
       5
       8
       2
       8
       8
       5
       2
       5
       7
       7
       7
       7
       1
       5
       7
      10
       7
       7
       5
       8
       5
       6
       5
      10
       5
       1
       6
       6
       2
       4
       7
       5
       2
       3
       3
       5
       3
       0
       7
       4
       1
       3
       2
       3
       5
       4
       4
       2
      10
       4
       0
       7
       6
       3
       5
       3
       5
       2
       1
       5
       5
       5
       4
       3
       3
       2
       0
       2
       0
       4
       1
       7
       6
       3
       0
       4
       1
       4
       3
       4
       1
       1
       1
       3
       2
       4
       0
       4
       0
       1
       4
       0
       1
       1
       2
       2
       1
       0
       0
       4
       1
       4
       1
       4
       3
       0
       1
       3
       2
       1
       2
       2
       2
       0
       1
       1
       1
       0
       0
       1
       1
       1
       1
       4
       0
       0
       1
       2
       1
       1
       0
       0
       2
       3
       1
       0
       1
       3
       2
       1
       0
       3
       1
       0
       0
       4
       1
       2
       2
       1
       0
       4
       0
       2
       0
       2
       2
       3
       1
       1
       1
       1
       1
       1
       0
       1
       0
       0
       3
       2
       8
       1
       2
       4
       3
       1
       4
       2
       3
       1
       1
       5
       0
       0
       0
       2
       1
       1
       1
       1
       2
       1
       2
       1
       2
       1
       0
       1
       1
       2
       2
       1
       0
       1
       0
       0
       1
       0
       1
       1
       1
       1
       0
       1
       0
       1
       1
       0
       0
       0
       0
       3
       1
       1
       0
       1
       0
       1
       1
       2
       3
       1
       2
       0
       1
       3
       2
       3
       0
       5
       2
       2
       1
       1
       0
       1
       0
       0
       1
       0
       0
       0
       1
       0
       0
       1
       0
       0
       0
       5
       2
       2
       0
       1
       0
       1
       1
       0
       2
       1
       0
       3
       1
       0
       0
       0
       1
       1
       1
       0
       0
       2
       0
       1
       0
       0
       0
       1
       1
       1
       2
       0
       1
       1
       0
       3
       0
       1
       1
       1
       0
       0
       3
       3
       0
       0
       0
       0
       1
       0
       0
       0
       1
       0
       3
       3
       2
       0
       0
       0
       0
       0
       2
       0
       0
       1
       1
       0
       0
       2
       0
       1
       2
       3
       0
       1
       0
       0
       1
       1
       1
       2
       0
       0
       0
       0
       1
       1
       0
       1
       1
       2
       3
       1
       1
       1
       1
       3
       1
       0
       1
       1
       1
       1
       0
       0
       1
       1
       0
       3
       1
       1
       0
       1
       0
       0
       0
       0
       0
       0
       1
       2
       1
       1
       1
       2
       1
       1
       2
       0
       0
       0
       0
       0
       0
       2
       0
       3
       1
       0
       3
       0
       0
       1
       2
       0
       1
       1
       3
       1
       1
       5
       2
       0
       2
       2
       0
       4
       1
       1
       0
       1
       1
       2
       1
       0
       1
       0
       0
       1
       1
       1
       2
       3
       0
       1
       0
       1
       2
       1
       3
       1
       0
       0
       1
       0
       1
       0
       1
       1
       0
       1
       0
       0
       1
       2
       0
       1
       0
       2
       0
       2
       2
       0
       1
       1
       1
       1
       2
       3
       0
       1
       0
       0
       0
       0
       2
       1
       0
       1
       0
       1
       2
       0
       0
       2
       0
       2
       3
       1
       2
       2
       1
       0
       2
       0
       0
       3
       0
       0
       3
       1
       2
       0
       0
       0
       1
       0
       1
       1
       1
       0
       0
       2
       1
       2
       2
       0
       0
       1
       0
       0
       3
       3
       0
       1
       2
       2
       1
       0
       1
       0
       2
       0
       1
       1
       1
       3
       1
       1
       1
       0
       1
       2
       0
       1
       1
       2
       1
       2
       1
       0
       0
       0
       0
       0
       1
       2
       2
       0
       0
       1
       3
       1
       1
       1
       0
       1
       1
       0
       1
       0
       0
       0
       0
       0
       0
       0
       0
       0
       0
       0
       0
       0
       0
       0
       0
       0
       0
       0
       0
       0
       0
       0
       0
       0
       0
       0
       0
       0
       0
       0
       0
$ROI:
0
$PRESETS:
None
0
0
$ENER_FIT:
0.000000 0.376289
$MCA_CAL:
3
0.000000E+000 3.762887E-001 0.000000E+000 keV
$SHAPE_CAL:
3
1.061399E+002 0.000000E+000 0.000000E+000
