$SPEC_ID:
Scatter
$SPEC_REM:
DET# 2
DETDESC# JLAB-9 MCB 136
AP# Maestro Version 7.01
$DATE_MEA:
11/18/2022 11:46:07
$MEAS_TIM:
72 84
$DATA:
0 2047
       0
       0
       0
       0
       0
       0
       0
       0
       0
       0
       0
       0
       0
       0
       0
       0
       0
       0
       0
       0
       0
       0
       0
       0
       0
       0
       0
       0
       0
       0
       0
       0
       0
       0
       0
       0
       0
       0
       0
       0
       0
       0
       0
       0
       0
       0
       0
       0
       0
       0
       0
       0
       0
       0
       0
       0
       0
       0
       0
       0
       0
       0
       0
       0
       0
       0
       0
       0
       0
       0
       0
       0
       0
       0
       0
       0
       0
       0
       0
       0
      16
     551
    1859
    2017
    2096
    2244
    2425
    2402
    2484
    2369
    2439
    2454
    2303
    2241
    2234
    2076
    1929
    1780
    1620
    1516
    1417
    1329
    1231
    1176
    1045
    1016
     905
     824
     785
     727
     674
     656
     632
     630
     547
     499
     506
     503
     507
     461
     469
     470
     472
     472
     446
     480
     451
     399
     445
     474
     448
     456
     423
     459
     437
     446
     445
     416
     450
     467
     496
     446
     418
     491
     447
     414
     465
     447
     420
     440
     436
     461
     467
     400
     432
     464
     429
     472
     438
     469
     441
     432
     448
     441
     481
     468
     453
     465
     433
     465
     454
     450
     460
     438
     450
     454
     440
     455
     474
     479
     435
     454
     477
     461
     466
     461
     471
     437
     492
     497
     464
     449
     468
     438
     469
     481
     453
     470
     454
     471
     468
     447
     466
     476
     457
     468
     484
     433
     461
     458
     463
     457
     447
     464
     463
     413
     483
     479
     481
     441
     474
     478
     450
     499
     477
     489
     501
     469
     512
     490
     436
     416
     494
     472
     493
     450
     510
     485
     473
     441
     458
     472
     469
     443
     473
     450
     449
     459
     461
     473
     448
     443
     471
     476
     472
     471
     474
     470
     486
     473
     474
     420
     486
     488
     455
     489
     428
     464
     505
     465
     453
     515
     487
     445
     438
     442
     485
     496
     453
     462
     455
     514
     443
     467
     499
     493
     519
     480
     488
     507
     494
     471
     495
     500
     466
     494
     481
     477
     469
     504
     487
     505
     506
     514
     453
     491
     465
     469
     500
     486
     510
     538
     500
     489
     456
     528
     502
     542
     480
     436
     460
     467
     512
     523
     474
     474
     501
     495
     490
     495
     504
     481
     494
     515
     500
     496
     541
     516
     519
     506
     516
     504
     526
     502
     485
     531
     476
     465
     478
     473
     505
     526
     496
     527
     494
     551
     502
     554
     487
     533
     485
     519
     502
     516
     482
     506
     496
     498
     540
     530
     509
     497
     543
     486
     514
     496
     518
     499
     532
     540
     530
     545
     519
     498
     479
     495
     551
     542
     498
     548
     485
     543
     490
     502
     508
     474
     510
     528
     521
     516
     525
     529
     493
     546
     521
     551
     528
     543
     560
     501
     504
     554
     525
     567
     512
     515
     553
     558
     566
     487
     533
     513
     529
     533
     535
     527
     472
     518
     502
     558
     495
     542
     576
     536
     515
     533
     548
     566
     586
     540
     523
     544
     548
     542
     582
     555
     572
     543
     577
     541
     574
     550
     526
     607
     585
     567
     600
     605
     606
     628
     624
     614
     615
     679
     631
     648
     631
     690
     650
     647
     621
     688
     681
     702
     672
     671
     730
     731
     713
     749
     725
     695
     708
     705
     792
     732
     761
     691
     734
     761
     749
     733
     758
     779
     807
     768
     746
     731
     726
     771
     758
     774
     787
     706
     799
     745
     794
     793
     785
     815
     783
     816
     732
     803
     739
     780
     755
     768
     747
     756
     741
     759
     750
     801
     788
     761
     764
     745
     711
     758
     697
     703
     680
     718
     731
     719
     645
     756
     750
     713
     681
     743
     719
     695
     679
     732
     684
     701
     681
     718
     682
     662
     685
     703
     684
     698
     652
     671
     603
     660
     648
     611
     656
     587
     611
     652
     669
     681
     650
     696
     683
     617
     624
     631
     630
     625
     610
     622
     587
     682
     576
     625
     585
     613
     679
     606
     641
     590
     591
     589
     569
     576
     605
     577
     590
     602
     592
     536
     568
     581
     554
     591
     579
     549
     553
     589
     535
     570
     546
     545
     565
     529
     572
     558
     490
     576
     579
     619
     583
     527
     537
     540
     550
     563
     555
     582
     569
     563
     529
     544
     566
     543
     540
     549
     581
     536
     509
     508
     515
     536
     475
     543
     516
     524
     504
     535
     461
     555
     539
     463
     493
     443
     526
     560
     533
     492
     511
     487
     497
     493
     488
     528
     512
     509
     545
     496
     497
     482
     573
     493
     541
     497
     490
     490
     499
     502
     461
     482
     525
     489
     506
     505
     502
     463
     520
     505
     516
     459
     498
     492
     509
     415
     467
     486
     463
     463
     480
     467
     472
     488
     476
     495
     486
     484
     489
     474
     504
     505
     507
     523
     477
     471
     475
     513
     471
     470
     458
     459
     478
     486
     467
     441
     446
     497
     466
     455
     468
     454
     469
     491
     446
     447
     442
     459
     474
     457
     476
     524
     489
     514
     483
     478
     482
     461
     516
     492
     488
     459
     489
     502
     514
     493
     488
     480
     503
     514
     477
     445
     436
     462
     459
     457
     459
     491
     456
     480
     466
     487
     466
     471
     436
     453
     438
     464
     504
     456
     454
     485
     447
     483
     478
     470
     477
     464
     500
     426
     477
     456
     501
     440
     468
     459
     459
     465
     464
     459
     436
     412
     459
     437
     464
     469
     435
     462
     451
     454
     429
     457
     460
     488
     418
     447
     438
     442
     476
     469
     495
     476
     489
     441
     463
     445
     476
     407
     452
     481
     455
     440
     432
     445
     411
     445
     421
     463
     440
     473
     417
     448
     438
     442
     462
     437
     451
     456
     455
     447
     446
     433
     466
     489
     420
     433
     423
     434
     420
     434
     433
     428
     462
     434
     490
     437
     476
     405
     423
     433
     487
     459
     440
     447
     427
     419
     425
     469
     413
     470
     436
     435
     458
     439
     424
     434
     408
     461
     396
     440
     439
     436
     450
     421
     435
     469
     436
     454
     439
     439
     486
     476
     437
     411
     485
     417
     437
     445
     456
     413
     429
     467
     456
     452
     425
     426
     423
     430
     483
     456
     430
     444
     429
     440
     423
     423
     456
     455
     497
     440
     462
     417
     424
     451
     428
     456
     433
     412
     462
     448
     447
     434
     455
     459
     443
     463
     432
     456
     469
     458
     415
     463
     439
     483
     448
     434
     452
     473
     423
     418
     488
     471
     444
     424
     440
     461
     457
     419
     426
     490
     447
     434
     430
     452
     387
     464
     435
     451
     469
     497
     454
     423
     452
     488
     473
     479
     449
     411
     403
     496
     475
     432
     466
     457
     464
     453
     451
     483
     487
     461
     437
     454
     448
     460
     424
     450
     455
     461
     398
     465
     465
     437
     466
     442
     477
     451
     453
     476
     453
     478
     446
     503
     446
     447
     463
     478
     463
     469
     457
     447
     461
     521
     465
     468
     446
     433
     453
     472
     470
     447
     441
     450
     468
     460
     489
     470
     493
     492
     481
     444
     475
     478
     457
     467
     455
     443
     463
     477
     466
     453
     413
     456
     473
     504
     438
     466
     474
     492
     428
     437
     479
     463
     432
     462
     476
     480
     433
     461
     477
     475
     459
     462
     456
     493
     403
     486
     443
     441
     448
     458
     443
     436
     463
     481
     424
     455
     488
     469
     464
     449
     419
     439
     443
     439
     472
     427
     475
     473
     393
     431
     414
     453
     454
     441
     447
     462
     393
     440
     403
     464
     437
     418
     405
     438
     463
     409
     440
     431
     418
     404
     384
     417
     364
     367
     368
     365
     394
     371
     417
     432
     381
     343
     357
     420
     356
     414
     380
     364
     379
     375
     371
     336
     348
     360
     354
     352
     370
     339
     344
     324
     334
     332
     364
     327
     342
     338
     307
     355
     338
     282
     311
     325
     309
     295
     295
     282
     284
     287
     277
     280
     282
     292
     275
     284
     302
     255
     256
     266
     275
     272
     259
     230
     244
     250
     240
     249
     268
     259
     220
     254
     244
     232
     228
     249
     233
     213
     210
     223
     208
     182
     234
     214
     192
     219
     217
     227
     212
     209
     172
     195
     222
     207
     213
     193
     192
     201
     191
     181
     212
     188
     176
     193
     167
     181
     175
     180
     165
     196
     164
     194
     209
     187
     181
     188
     191
     184
     181
     172
     166
     152
     201
     157
     189
     194
     185
     159
     155
     177
     182
     151
     169
     180
     178
     187
     160
     174
     188
     166
     155
     167
     152
     142
     167
     172
     145
     163
     145
     161
     162
     156
     135
     145
     172
     147
     137
     155
     146
     145
     162
     151
     167
     145
     157
     155
     164
     131
     150
     143
     127
     157
     145
     130
     125
     167
     143
     165
     130
     149
     139
     169
     142
     129
     127
     130
     146
     133
     137
     143
     139
     133
     144
     141
     147
     151
     160
     137
     134
     141
     133
     128
     137
     126
     157
     133
     141
     146
     140
     158
     136
     131
     143
     122
     145
     126
     126
     125
     127
     145
     137
     149
     147
     147
     127
     171
     130
     130
     154
     171
     123
     133
     130
     114
     149
     144
     133
     125
     127
     140
     142
     144
     123
     144
     154
     116
     139
     124
     125
     139
     130
     121
     143
     129
     148
     140
     157
     132
     125
     128
     130
     125
     145
     136
     156
     117
     158
     138
     151
     151
     169
     133
     143
     155
     151
     163
     149
     156
     164
     128
     160
     151
     164
     152
     143
     137
     132
     144
     145
     160
     159
     154
     167
     158
     149
     138
     133
     153
     151
     171
     173
     143
     148
     137
     166
     176
     157
     148
     147
     138
     175
     148
     163
     130
     162
     131
     138
     136
     144
     167
     148
     171
     139
     158
     172
     154
     178
     163
     161
     150
     169
     158
     159
     153
     183
     158
     168
     143
     181
     153
     178
     160
     176
     171
     187
     160
     175
     174
     166
     159
     170
     175
     181
     168
     172
     167
     218
     169
     178
     192
     200
     193
     183
     207
     205
     197
     190
     211
     208
     197
     195
     210
     186
     209
     210
     215
     203
     205
     240
     217
     216
     270
     229
     232
     199
     215
     255
     258
     277
     276
     251
     270
     260
     261
     271
     289
     283
     298
     286
     295
     277
     304
     350
     338
     316
     355
     325
     347
     381
     382
     380
     373
     408
     419
     405
     442
     464
     458
     445
     445
     463
     506
     505
     543
     513
     531
     553
     549
     606
     572
     554
     621
     625
     663
     627
     689
     682
     724
     706
     752
     799
     762
     838
     786
     807
     781
     875
     910
     916
     929
    1029
     934
     999
    1019
    1017
    1088
    1108
    1109
    1180
    1174
    1190
    1229
    1240
    1242
    1215
    1348
    1332
    1429
    1351
    1405
    1423
    1526
    1497
    1521
    1520
    1586
    1565
    1654
    1670
    1705
    1714
    1677
    1699
    1841
    1826
    1827
    1856
    1857
    1887
    1986
    1943
    1993
    2030
    2010
    2023
    2034
    2064
    2127
    2143
    2130
    2222
    2301
    2253
    2251
    2251
    2286
    2245
    2324
    2284
    2275
    2394
    2366
    2407
    2393
    2389
    2308
    2483
    2427
    2405
    2444
    2403
    2368
    2436
    2397
    2331
    2346
    2417
    2414
    2466
    2455
    2356
    2371
    2422
    2290
    2421
    2258
    2324
    2189
    2257
    2259
    2204
    2230
    2150
    2172
    2131
    2142
    2177
    2115
    2086
    2101
    2061
    1971
    2046
    1983
    2002
    1919
    1905
    1913
    1790
    1817
    1754
    1837
    1742
    1633
    1623
    1595
    1627
    1522
    1455
    1476
    1418
    1409
    1397
    1360
    1403
    1309
    1305
    1249
    1284
    1155
    1198
    1140
    1011
    1043
    1067
    1029
    1037
     963
     922
     905
     879
     852
     846
     783
     772
     763
     708
     704
     673
     632
     661
     645
     628
     581
     548
     540
     493
     472
     475
     446
     428
     392
     423
     400
     414
     391
     360
     334
     353
     335
     315
     277
     274
     268
     229
     237
     266
     241
     218
     213
     211
     192
     209
     189
     188
     175
     153
     164
     152
     156
     132
     156
     118
     125
     123
     114
     102
     111
      80
     121
     104
     107
      83
      85
      63
      76
      88
      61
      88
      75
      63
      70
      82
      62
      73
      56
      62
      62
      68
      54
      56
      48
      40
      58
      52
      56
      55
      50
      56
      48
      60
      42
      46
      40
      42
      50
      47
      45
      52
      41
      39
      48
      50
      38
      46
      45
      44
      42
      35
      47
      50
      43
      47
      44
      38
      34
      38
      37
      44
      44
      48
      52
      39
      44
      34
      37
      48
      34
      42
      43
      51
      48
      42
      44
      49
      43
      39
      42
      45
      34
      29
      34
      36
      48
      43
      39
      31
      38
      42
      28
      33
      36
      37
      37
      32
      43
      40
      47
      36
      39
      33
      35
      42
      41
      32
      31
      46
      40
      45
      41
      43
      32
      32
      39
      52
      35
      26
      26
      43
      49
      33
      34
      41
      40
      33
      41
      27
      30
      34
      46
      49
      32
      32
      32
      52
      42
      41
      43
      32
      34
      33
      30
      43
      29
      29
      36
      37
      46
      34
      36
      31
      32
      40
      35
      37
      29
      32
      42
      38
      41
      35
      32
      31
      32
      35
      26
      35
      40
      33
      44
      33
      31
      33
      35
      36
      35
      39
      42
      27
      29
      47
      42
      27
      35
      38
      42
      56
      36
      56
      28
      32
      40
      32
      21
      36
      25
      26
      25
      42
      36
      44
      32
      32
      36
      37
      39
      40
      33
      43
      35
      29
      32
      28
      31
      32
      36
      35
      38
      42
      38
      34
      27
      31
      36
      57
      31
      38
      27
      35
      31
      39
      36
      40
      28
      28
      51
      30
      33
      28
      40
      29
      34
       0
       0
       0
       0
       0
       0
       0
       0
       0
       0
       0
       0
       0
       0
       0
       0
       0
       0
       0
       0
       0
       0
       0
       0
       0
       0
       0
       0
       0
       0
       0
       0
$ROI:
0
$PRESETS:
None
0
0
$ENER_FIT:
0.000000 0.376604
$MCA_CAL:
3
0.000000E+000 3.766040E-001 0.000000E+000 keV
$SHAPE_CAL:
3
9.515098E+001 0.000000E+000 0.000000E+000
