$SPEC_ID:
Target
$SPEC_REM:
DET# 1
DETDESC# JLAB-9 MCB 135
AP# Maestro Version 7.01
$DATE_MEA:
11/18/2022 11:48:21
$MEAS_TIM:
135 143
$DATA:
0 2047
       0
       0
       0
       0
       0
       0
       0
       0
       0
       0
       0
       0
       0
       0
       0
       0
       0
       0
       0
       0
       0
       0
       0
       0
       0
       0
       0
       0
       0
       0
       0
       0
       0
       0
       0
       0
       0
       0
       0
       0
       0
       0
       0
       0
       0
       0
       0
       0
       0
       0
       0
       0
       0
       0
       0
       0
       0
       0
       0
       0
       0
       0
       0
       0
       0
       0
       0
       0
       0
       0
       0
       0
       0
       0
       0
       0
       0
       0
       0
       3
    2262
    3037
    3192
    3092
    2948
    2877
    2494
    2271
    2083
    1789
    1608
    1393
    1221
    1035
     979
     884
     795
     716
     631
     585
     519
     423
     398
     360
     362
     337
     308
     338
     299
     300
     297
     287
     317
     305
     287
     332
     281
     302
     286
     269
     288
     285
     280
     292
     275
     274
     301
     278
     310
     285
     306
     332
     293
     284
     303
     277
     283
     319
     302
     314
     291
     278
     307
     333
     288
     325
     322
     331
     299
     315
     294
     361
     343
     316
     290
     309
     303
     298
     313
     313
     300
     317
     314
     314
     316
     297
     313
     323
     326
     299
     336
     356
     323
     335
     345
     304
     322
     328
     361
     315
     324
     346
     350
     366
     355
     375
     348
     359
     336
     341
     362
     382
     360
     354
     390
     384
     321
     347
     323
     345
     355
     335
     328
     340
     355
     344
     369
     331
     359
     363
     331
     342
     371
     329
     339
     366
     317
     380
     358
     310
     364
     332
     383
     325
     354
     360
     351
     370
     348
     320
     317
     353
     352
     340
     333
     369
     342
     376
     335
     354
     393
     370
     369
     352
     354
     351
     315
     333
     372
     357
     363
     360
     353
     423
     365
     370
     372
     358
     348
     337
     363
     339
     354
     386
     402
     366
     359
     401
     344
     354
     384
     376
     342
     397
     369
     331
     390
     351
     381
     351
     385
     412
     397
     388
     394
     376
     360
     381
     371
     356
     384
     389
     415
     418
     371
     384
     392
     391
     390
     369
     404
     371
     384
     371
     369
     401
     381
     399
     379
     428
     399
     361
     398
     434
     394
     391
     393
     387
     350
     375
     365
     372
     421
     423
     387
     418
     383
     392
     424
     407
     433
     398
     410
     381
     374
     401
     403
     417
     397
     399
     395
     431
     416
     406
     413
     413
     396
     435
     398
     403
     457
     420
     450
     417
     410
     425
     436
     406
     411
     462
     426
     447
     396
     442
     422
     470
     439
     413
     380
     441
     448
     441
     472
     462
     412
     427
     439
     473
     442
     457
     478
     444
     424
     443
     418
     467
     453
     426
     477
     443
     434
     478
     437
     465
     486
     473
     447
     450
     490
     528
     478
     478
     461
     463
     522
     511
     519
     507
     535
     499
     502
     478
     579
     538
     545
     513
     512
     525
     571
     603
     612
     593
     552
     602
     614
     600
     639
     583
     617
     670
     673
     694
     667
     682
     685
     676
     727
     712
     773
     712
     712
     708
     766
     751
     741
     755
     723
     765
     768
     774
     766
     722
     741
     755
     765
     714
     756
     777
     753
     735
     783
     807
     755
     800
     750
     764
     748
     795
     720
     748
     720
     691
     696
     721
     695
     745
     719
     644
     665
     704
     690
     672
     653
     688
     673
     631
     667
     690
     618
     616
     570
     613
     621
     642
     636
     618
     601
     556
     560
     583
     586
     525
     556
     558
     540
     510
     537
     539
     531
     517
     524
     487
     483
     527
     518
     466
     470
     454
     447
     451
     462
     471
     448
     415
     414
     463
     394
     467
     418
     429
     458
     463
     429
     405
     442
     445
     388
     384
     392
     405
     386
     384
     391
     358
     359
     357
     402
     369
     391
     352
     334
     395
     364
     357
     397
     320
     369
     353
     315
     355
     342
     324
     323
     339
     349
     349
     335
     296
     349
     328
     315
     319
     337
     352
     321
     338
     321
     327
     332
     300
     318
     311
     322
     297
     309
     268
     288
     295
     326
     311
     291
     304
     293
     300
     311
     298
     292
     305
     310
     272
     263
     258
     267
     322
     317
     314
     262
     300
     293
     289
     273
     289
     321
     278
     273
     262
     247
     302
     262
     264
     279
     317
     315
     288
     247
     324
     270
     281
     262
     291
     295
     271
     274
     251
     279
     270
     296
     270
     282
     270
     286
     271
     283
     270
     265
     246
     284
     296
     271
     262
     265
     277
     255
     243
     231
     276
     259
     298
     260
     274
     263
     267
     290
     244
     258
     297
     246
     250
     257
     259
     239
     269
     265
     265
     258
     265
     266
     257
     267
     252
     278
     264
     270
     254
     226
     263
     266
     261
     249
     235
     229
     250
     260
     247
     258
     251
     252
     256
     242
     254
     226
     269
     253
     248
     261
     239
     256
     259
     262
     272
     239
     265
     254
     244
     257
     270
     277
     243
     266
     260
     267
     266
     248
     222
     251
     233
     268
     248
     244
     263
     226
     266
     241
     234
     252
     236
     247
     246
     251
     244
     255
     233
     247
     270
     251
     256
     281
     243
     279
     258
     245
     254
     241
     273
     224
     262
     244
     266
     222
     243
     257
     255
     274
     243
     250
     250
     254
     251
     279
     234
     262
     240
     267
     254
     247
     261
     232
     230
     242
     266
     232
     248
     268
     253
     279
     241
     263
     240
     254
     259
     255
     269
     264
     261
     244
     251
     235
     294
     249
     243
     289
     244
     241
     230
     263
     246
     265
     283
     251
     265
     254
     242
     246
     246
     243
     235
     265
     223
     277
     274
     263
     255
     259
     249
     237
     277
     231
     259
     260
     254
     274
     223
     252
     261
     261
     248
     245
     245
     272
     258
     236
     263
     249
     247
     270
     247
     241
     258
     270
     247
     245
     246
     243
     270
     283
     252
     252
     269
     214
     254
     242
     243
     280
     236
     254
     252
     262
     244
     271
     236
     249
     266
     254
     291
     242
     244
     252
     258
     273
     248
     264
     280
     249
     261
     251
     244
     248
     264
     277
     231
     279
     221
     235
     251
     277
     265
     289
     263
     288
     236
     280
     267
     243
     282
     270
     264
     216
     277
     289
     278
     244
     283
     282
     261
     246
     221
     315
     272
     249
     240
     271
     247
     265
     265
     246
     307
     239
     267
     297
     276
     304
     243
     277
     254
     265
     229
     288
     274
     266
     272
     267
     246
     285
     245
     248
     274
     301
     258
     262
     278
     275
     294
     274
     264
     236
     250
     275
     262
     271
     242
     285
     278
     253
     290
     319
     287
     242
     284
     273
     291
     253
     253
     277
     273
     283
     250
     313
     294
     299
     286
     271
     258
     278
     277
     282
     268
     258
     304
     272
     270
     229
     250
     259
     230
     223
     243
     267
     275
     242
     236
     232
     230
     246
     257
     210
     232
     255
     259
     205
     208
     224
     225
     259
     239
     222
     184
     202
     210
     193
     212
     187
     216
     191
     216
     205
     197
     209
     205
     190
     197
     188
     181
     187
     193
     185
     177
     171
     184
     169
     170
     163
     185
     195
     177
     162
     159
     156
     185
     135
     147
     143
     132
     152
     154
     127
     127
     147
     135
     121
     124
     139
     119
     131
     122
     116
     114
     109
     137
     113
     120
     133
     119
     117
     114
     115
     111
     102
     107
      97
     125
      97
     100
     100
     113
      80
     109
      88
     104
      87
      95
      95
      91
     102
     105
      90
      68
      87
      74
      90
      69
      87
      89
      83
      73
      78
      77
      65
      90
      78
      81
      68
      81
      72
      76
      78
      83
      73
      79
      67
      83
      70
      74
      73
      80
      70
      83
      62
      60
      85
      67
      76
      55
      88
      70
      61
      71
      71
      62
      70
      65
      57
      60
      63
      62
      62
      68
      53
      60
      62
      61
      64
      55
      56
      65
      59
      56
      56
      60
      55
      68
      60
      61
      51
      46
      52
      64
      50
      67
      63
      62
      44
      52
      47
      60
      57
      66
      68
      69
      59
      60
      44
      60
      61
      58
      50
      69
      55
      51
      60
      56
      53
      49
      49
      47
      49
      57
      48
      63
      59
      47
      50
      51
      50
      70
      50
      53
      63
      65
      57
      46
      60
      52
      58
      40
      68
      50
      50
      50
      44
      43
      52
      51
      51
      53
      57
      56
      69
      48
      52
      48
      44
      37
      60
      41
      45
      45
      45
      45
      54
      51
      57
      53
      60
      48
      57
      48
      43
      55
      52
      46
      65
      61
      57
      47
      44
      49
      53
      38
      54
      52
      41
      45
      63
      57
      52
      68
      58
      57
      53
      61
      51
      54
      67
      45
      62
      59
      59
      56
      50
      63
      59
      50
      40
      53
      61
      56
      74
      54
      58
      67
      63
      50
      58
      68
      57
      67
      73
      65
      66
      65
      71
      59
      67
      69
      72
      70
      57
      62
      76
      85
      71
      77
      74
      96
      80
      80
      80
      81
      90
      89
      82
      88
      90
      75
      86
      83
     108
      88
     101
     105
     109
     111
     133
     115
     113
     125
     145
     122
     129
     129
     116
     129
     140
     170
     171
     175
     175
     198
     173
     185
     187
     201
     191
     213
     206
     238
     225
     259
     265
     266
     257
     267
     290
     301
     294
     342
     319
     339
     327
     370
     375
     391
     422
     402
     386
     420
     471
     456
     487
     442
     518
     521
     480
     523
     547
     588
     617
     670
     596
     632
     649
     731
     676
     770
     732
     769
     736
     790
     828
     876
     871
     915
     906
     888
     913
     955
     957
     931
    1047
    1106
    1040
    1148
    1023
    1126
    1071
    1167
    1154
    1167
    1217
    1224
    1274
    1297
    1294
    1346
    1283
    1374
    1436
    1353
    1372
    1467
    1420
    1479
    1462
    1554
    1424
    1430
    1487
    1491
    1524
    1483
    1518
    1524
    1550
    1517
    1526
    1610
    1574
    1620
    1558
    1570
    1592
    1549
    1560
    1503
    1650
    1578
    1572
    1632
    1567
    1483
    1534
    1537
    1554
    1514
    1535
    1525
    1458
    1479
    1470
    1463
    1479
    1429
    1381
    1369
    1299
    1353
    1382
    1375
    1385
    1303
    1296
    1289
    1342
    1238
    1211
    1214
    1133
    1118
    1199
    1122
    1039
     995
     986
     973
     922
     946
     928
     934
     860
     872
     868
     790
     790
     761
     749
     754
     762
     725
     679
     630
     598
     593
     562
     594
     519
     536
     521
     468
     479
     491
     425
     440
     434
     407
     355
     343
     322
     334
     362
     321
     288
     251
     247
     252
     272
     236
     189
     209
     202
     207
     169
     181
     144
     154
     150
     127
     140
     117
     116
     115
     104
     110
      85
      93
      94
      97
      88
      87
      69
      60
      79
      58
      43
      56
      46
      55
      52
      40
      42
      31
      34
      27
      30
      35
      37
      18
      20
      22
      27
      21
      30
      15
      17
      17
      21
      29
      21
      14
      19
      22
      22
      18
      16
      14
      18
      11
      15
      18
      18
      14
      16
       8
       8
      17
      16
      11
      17
      13
      17
       9
      13
       9
      14
      10
       7
      15
      17
      13
       8
      11
      11
      11
      10
      10
       9
       6
      14
      10
       7
      14
      11
      14
      11
       6
      12
      13
       8
      20
      17
       9
       6
       8
      10
      10
      14
       5
      12
      11
       7
      10
       8
      10
       8
       8
      10
      10
       8
      12
      11
       9
      14
       9
       5
      14
       8
      12
      13
       8
      16
       7
       7
      11
      10
       4
       8
       7
       9
       9
      10
      13
      13
      10
       3
       3
      10
      11
       8
      10
      10
       5
       8
      11
      12
      10
       4
       9
      11
       9
       8
       4
       6
      10
       7
      10
      15
      11
      10
       4
       4
       9
       9
       3
      12
      12
       8
      10
       9
       9
      10
       8
      11
       8
       8
      11
       7
      13
      10
       8
      16
      11
       5
       6
       7
      14
       8
       8
      10
       8
      15
       9
      11
      13
       8
      10
      12
       8
       8
      13
       7
      14
       5
       8
       9
       5
      12
      20
       8
      10
      11
       8
      13
      12
      13
      10
       9
       8
      20
       8
      10
      11
       5
      18
       7
      10
      11
       6
       3
       8
      11
       5
       9
      11
       9
      10
      11
       4
       8
       8
       7
       4
      12
      13
       8
       5
      10
       8
       8
       8
      12
       7
       7
       6
       8
       8
       9
      11
       9
       2
       9
      11
      11
       8
       9
      13
      10
       8
      12
      11
       7
       5
       8
       7
       7
       7
      11
      12
      15
      10
       7
       6
      12
       6
      14
      13
       8
      10
      10
       9
      12
       6
       5
      18
      14
       8
      11
      12
       8
       6
       8
      10
       4
      11
      11
      11
      11
      10
      13
      11
       6
       7
      13
       3
       8
       6
      14
      13
      13
      10
       5
      14
       6
       7
       6
      11
      13
       8
      10
       8
       5
      13
       5
       4
       9
       7
       5
       8
       8
       4
      10
       7
       7
       3
       9
      12
       7
       3
       8
       7
       4
      10
       5
      10
      12
       9
       6
       8
      10
      10
       9
       9
       3
       8
       5
       8
      10
       8
       7
       4
       9
       5
       8
       9
       9
       7
       5
       6
       6
       4
       3
       3
       5
       9
       8
       9
       2
       9
       8
       6
       8
       9
       9
       9
      15
      10
       7
       6
       5
       4
       5
       6
      10
      11
       8
      12
       8
       6
       8
       7
      11
       3
       5
       6
      12
       8
       5
       6
      10
      10
       7
       8
      10
       8
      10
       7
       6
       8
       7
      10
       9
      10
       4
       6
       6
       4
       6
       7
       4
       8
       7
      11
       5
       7
      10
       5
       3
       3
       4
       6
       9
       8
       5
       6
       6
       6
       5
       8
       8
       6
       8
       5
       5
       5
       7
       7
      10
       4
       0
       0
       0
       0
       0
       0
       0
       0
       0
       0
       0
       0
       0
       0
       0
       0
       0
       0
       0
       0
       0
       0
       0
       0
       0
       0
       0
       0
       0
       0
       0
       0
$ROI:
0
$PRESETS:
None
0
0
$ENER_FIT:
0.000000 0.376289
$MCA_CAL:
3
0.000000E+000 3.762887E-001 0.000000E+000 keV
$SHAPE_CAL:
3
1.061399E+002 0.000000E+000 0.000000E+000
