$SPEC_ID:
Scatter
$SPEC_REM:
DET# 2
DETDESC# JLAB-9 MCB 136
AP# Maestro Version 7.01
$DATE_MEA:
11/18/2022 11:56:59
$MEAS_TIM:
89 101
$DATA:
0 2047
       0
       0
       0
       0
       0
       0
       0
       0
       0
       0
       0
       0
       0
       0
       0
       0
       0
       0
       0
       0
       0
       0
       0
       0
       0
       0
       0
       0
       0
       0
       0
       0
       0
       0
       0
       0
       0
       0
       0
       0
       0
       0
       0
       0
       0
       0
       0
       0
       0
       0
       0
       0
       0
       0
       0
       0
       0
       0
       0
       0
       0
       0
       0
       0
       0
       0
       0
       0
       0
       0
       0
       0
       0
       0
       0
       0
       0
       1
       0
       0
      14
     131
     374
     399
     400
     399
     336
     413
     399
     379
     401
     393
     392
     378
     376
     419
     383
     392
     377
     379
     366
     391
     376
     370
     426
     362
     420
     378
     369
     391
     365
     388
     398
     408
     382
     377
     393
     406
     378
     370
     382
     389
     379
     409
     398
     389
     407
     397
     379
     397
     418
     401
     383
     409
     362
     384
     356
     385
     368
     448
     409
     380
     398
     412
     389
     372
     393
     391
     386
     418
     380
     401
     414
     420
     394
     400
     405
     415
     399
     385
     371
     411
     412
     374
     378
     388
     374
     405
     420
     395
     408
     419
     427
     369
     402
     405
     373
     407
     408
     406
     436
     398
     420
     428
     413
     423
     400
     398
     405
     408
     411
     385
     412
     390
     442
     402
     401
     380
     458
     437
     436
     396
     390
     417
     445
     436
     405
     423
     415
     451
     425
     419
     428
     422
     399
     402
     416
     469
     446
     451
     447
     412
     452
     434
     428
     434
     415
     422
     365
     420
     450
     447
     453
     483
     411
     457
     380
     447
     407
     459
     433
     426
     397
     417
     402
     421
     462
     416
     466
     465
     418
     414
     471
     431
     412
     476
     442
     429
     442
     425
     447
     465
     465
     433
     428
     440
     464
     381
     461
     434
     466
     452
     438
     440
     422
     445
     468
     439
     430
     442
     453
     487
     422
     463
     447
     442
     390
     450
     462
     490
     433
     448
     464
     477
     455
     438
     443
     460
     446
     445
     469
     469
     415
     469
     484
     471
     451
     473
     437
     464
     483
     499
     406
     462
     449
     503
     485
     464
     467
     472
     452
     495
     446
     473
     416
     470
     461
     470
     455
     474
     478
     473
     443
     475
     476
     466
     482
     497
     459
     484
     470
     515
     460
     477
     438
     485
     485
     445
     467
     458
     471
     476
     464
     462
     490
     468
     455
     489
     492
     484
     536
     453
     461
     464
     456
     476
     472
     468
     452
     471
     481
     489
     479
     512
     495
     478
     483
     486
     483
     480
     490
     469
     503
     461
     490
     469
     488
     505
     462
     463
     477
     505
     489
     461
     501
     477
     493
     507
     481
     502
     487
     483
     481
     489
     496
     538
     479
     511
     497
     476
     512
     549
     485
     560
     513
     528
     519
     521
     503
     522
     495
     550
     511
     559
     565
     531
     572
     517
     562
     537
     526
     516
     558
     526
     588
     558
     564
     592
     591
     562
     577
     572
     618
     594
     596
     620
     599
     605
     626
     655
     557
     647
     619
     629
     665
     643
     651
     664
     648
     677
     602
     656
     662
     680
     675
     647
     657
     643
     662
     699
     679
     630
     649
     658
     678
     725
     627
     647
     691
     696
     642
     670
     645
     635
     652
     633
     659
     638
     646
     643
     656
     652
     645
     649
     646
     662
     676
     643
     675
     602
     663
     604
     659
     618
     593
     692
     593
     596
     627
     614
     599
     612
     648
     608
     667
     604
     606
     621
     583
     630
     631
     603
     600
     594
     648
     579
     622
     597
     597
     633
     611
     635
     591
     625
     626
     610
     598
     614
     588
     574
     598
     624
     603
     585
     599
     568
     544
     584
     584
     557
     597
     597
     640
     622
     625
     570
     575
     631
     597
     574
     582
     565
     587
     588
     582
     557
     588
     588
     583
     608
     595
     541
     571
     559
     623
     590
     586
     595
     612
     579
     529
     527
     569
     573
     529
     524
     605
     551
     551
     561
     573
     548
     597
     578
     604
     575
     590
     570
     525
     581
     556
     557
     489
     562
     550
     567
     537
     556
     513
     572
     547
     495
     516
     543
     513
     527
     534
     528
     534
     547
     529
     486
     541
     540
     519
     479
     525
     509
     494
     500
     518
     531
     583
     515
     505
     499
     571
     579
     498
     522
     533
     494
     493
     534
     476
     488
     510
     533
     532
     488
     504
     524
     486
     525
     521
     500
     475
     492
     485
     460
     487
     489
     474
     491
     529
     482
     476
     493
     471
     482
     516
     464
     479
     468
     503
     512
     519
     460
     455
     468
     464
     449
     471
     464
     482
     484
     439
     489
     499
     473
     486
     516
     498
     477
     477
     474
     470
     490
     464
     443
     448
     483
     461
     434
     443
     455
     510
     457
     482
     500
     444
     466
     430
     473
     476
     438
     459
     484
     450
     441
     486
     454
     476
     424
     447
     466
     458
     442
     473
     482
     451
     490
     432
     440
     435
     471
     461
     477
     472
     471
     471
     449
     416
     467
     401
     486
     430
     478
     472
     432
     463
     451
     468
     452
     408
     444
     417
     433
     423
     434
     421
     411
     391
     462
     422
     440
     400
     424
     456
     435
     393
     465
     449
     458
     426
     458
     452
     448
     437
     446
     427
     432
     449
     420
     419
     416
     403
     437
     420
     405
     447
     389
     447
     405
     377
     413
     413
     408
     399
     426
     413
     391
     417
     416
     373
     400
     417
     425
     359
     393
     355
     383
     367
     378
     342
     346
     382
     368
     391
     357
     344
     385
     366
     389
     353
     322
     371
     377
     370
     372
     315
     328
     373
     347
     330
     354
     326
     319
     294
     321
     321
     299
     299
     322
     298
     287
     292
     316
     318
     287
     310
     332
     288
     300
     301
     272
     285
     249
     311
     265
     287
     277
     278
     279
     240
     282
     272
     276
     238
     279
     258
     243
     258
     237
     254
     259
     241
     246
     243
     237
     240
     271
     244
     241
     222
     214
     237
     235
     220
     236
     207
     251
     262
     221
     241
     224
     217
     238
     230
     229
     251
     224
     218
     246
     200
     212
     226
     225
     232
     226
     238
     216
     200
     225
     227
     254
     200
     201
     189
     198
     206
     198
     228
     221
     222
     222
     219
     212
     204
     228
     206
     182
     223
     234
     211
     243
     198
     224
     192
     216
     214
     212
     212
     204
     202
     203
     212
     208
     178
     198
     184
     192
     207
     176
     199
     216
     210
     187
     189
     199
     190
     194
     220
     195
     200
     229
     210
     206
     196
     195
     211
     172
     188
     189
     191
     213
     200
     193
     218
     200
     205
     180
     214
     191
     209
     210
     198
     202
     247
     203
     207
     192
     175
     180
     174
     176
     208
     218
     205
     208
     246
     181
     207
     199
     190
     199
     195
     226
     199
     201
     190
     166
     189
     205
     186
     187
     175
     224
     200
     223
     229
     211
     183
     216
     221
     212
     180
     215
     197
     192
     181
     191
     208
     214
     200
     212
     196
     193
     204
     184
     188
     178
     214
     202
     187
     204
     193
     202
     200
     182
     223
     190
     217
     184
     221
     182
     189
     166
     193
     212
     193
     207
     218
     194
     209
     218
     193
     182
     181
     190
     205
     194
     200
     207
     209
     241
     212
     207
     200
     220
     224
     218
     203
     217
     193
     207
     207
     207
     198
     205
     211
     206
     197
     198
     222
     195
     210
     201
     199
     231
     225
     208
     197
     193
     204
     238
     215
     248
     211
     238
     211
     216
     234
     209
     209
     228
     206
     221
     220
     235
     218
     238
     226
     226
     205
     236
     252
     207
     218
     230
     227
     242
     231
     257
     241
     218
     250
     224
     222
     262
     239
     262
     271
     215
     243
     266
     266
     277
     278
     267
     288
     274
     281
     251
     289
     246
     301
     290
     285
     279
     329
     294
     297
     312
     343
     291
     302
     314
     321
     369
     316
     342
     347
     330
     347
     361
     362
     372
     415
     385
     443
     443
     430
     435
     425
     498
     483
     488
     450
     477
     547
     560
     540
     570
     554
     611
     621
     625
     613
     677
     684
     673
     766
     711
     769
     750
     795
     784
     828
     887
     870
     879
     927
    1017
     939
     980
    1031
    1066
    1052
    1109
    1059
    1232
    1167
    1274
    1215
    1307
    1295
    1390
    1347
    1424
    1420
    1346
    1523
    1502
    1575
    1589
    1584
    1591
    1694
    1725
    1670
    1718
    1730
    1843
    1810
    1827
    1869
    1965
    1951
    1926
    2103
    1972
    1983
    2029
    2128
    2058
    2055
    2157
    2131
    2171
    2251
    2123
    2201
    2318
    2228
    2321
    2255
    2245
    2312
    2296
    2341
    2271
    2296
    2332
    2354
    2452
    2354
    2293
    2258
    2233
    2363
    2314
    2254
    2328
    2210
    2219
    2270
    2212
    2222
    2139
    2136
    2124
    2111
    2141
    2003
    2076
    2065
    2031
    1976
    1979
    1964
    1963
    1883
    1846
    1779
    1789
    1746
    1793
    1707
    1584
    1564
    1583
    1574
    1493
    1495
    1498
    1402
    1411
    1324
    1279
    1259
    1218
    1238
    1214
    1134
    1109
    1014
    1030
     989
    1003
     949
     934
     860
     849
     828
     810
     741
     745
     726
     730
     655
     624
     611
     582
     560
     533
     562
     516
     497
     443
     443
     459
     431
     388
     356
     388
     383
     373
     317
     349
     305
     303
     306
     272
     282
     230
     228
     208
     206
     207
     211
     211
     170
     143
     162
     186
     168
     185
     157
     146
     153
     135
     164
     158
     142
     132
     147
     136
     143
     128
     151
     126
     122
     128
     134
     119
     103
     114
     110
     130
     105
     109
     118
     107
      91
     128
      99
     104
     101
     104
     104
      98
     119
      99
      98
      97
      86
     121
     108
      93
      94
      99
     104
     112
      99
     110
     111
     107
      96
      84
      96
     110
      95
     124
     114
     118
     101
      73
      88
      98
      81
      86
     120
      95
     106
     103
     118
      94
      93
      90
     107
      85
      83
      92
     111
     101
      89
      86
     114
      89
      94
     104
     108
     110
     109
     107
      85
      98
      90
      92
     100
     111
      83
      89
     113
     101
      97
      93
      98
     119
     125
     114
     111
      99
     117
     122
      73
      86
      99
     102
      87
      82
      95
     104
      84
     101
     107
     105
      89
      93
     112
      84
      94
      94
      98
      89
      99
     109
     111
      91
      96
      98
      90
      90
      90
      83
      88
      95
      85
      83
     102
      94
      88
     100
     111
     101
     102
      90
      95
     106
     117
      82
      94
      97
      97
     106
     101
      93
     105
      90
     106
      98
      95
      78
      92
     103
     102
      85
     125
     101
      97
     106
     104
      91
      84
     101
      90
      99
      84
      95
     102
     103
      97
     108
     100
      98
      96
     108
     106
      89
      97
     108
      94
      84
      89
      79
      89
      85
      95
      94
     105
     102
      94
      94
      83
      86
     108
      93
      97
     102
     118
      91
      92
      89
      97
      84
      96
      94
      92
      95
      87
     100
      95
      96
     112
      76
      91
      92
     113
     116
      88
      96
      99
     106
     101
     104
      89
     104
      96
     114
     102
     119
      91
      92
      91
      78
     111
      87
     112
      87
      94
      91
     111
      96
     114
      87
     108
      90
      94
     115
     103
      91
     114
     113
     106
     119
      99
      99
     118
     109
      92
      79
      90
     115
     107
      88
     111
     103
     103
     100
      94
     118
     123
     103
     108
     110
     108
     110
     103
     123
     110
      93
     111
      87
     105
     113
      96
     105
      99
     121
     111
     102
     103
     102
     119
      98
     104
     113
     110
     109
     114
     109
      91
      97
     104
     118
     108
     104
     117
     105
     121
      87
     102
      98
      90
     101
     103
     121
      98
      99
     114
     130
     116
      98
     123
     106
     117
     117
      83
     120
      86
     116
      95
     121
     132
     115
     116
     118
     105
     140
     108
     114
     109
     113
     105
     100
     130
     111
     108
     118
     113
     117
     112
     102
     113
     122
      97
     101
     121
     110
     112
     117
     117
     113
     116
      99
     104
     124
     111
      90
     114
     120
     116
     109
     104
      87
      98
     104
      95
     107
     121
     110
     111
      86
      95
      98
      98
     115
     113
     119
     116
      95
     105
     100
      98
     108
     105
     106
     127
     106
     105
     103
     118
     106
     104
     103
      99
      93
     113
      87
      91
      99
      91
     108
      84
     104
     118
     101
     101
     113
     109
     103
     110
      91
     102
      97
     102
     100
      74
      82
      97
      95
     112
      99
     106
      72
      99
     101
      97
     106
      91
     103
      94
      80
     101
     103
      82
     105
     103
     109
      84
      98
      93
      86
      98
     122
     102
      99
     107
      99
      86
     102
      98
     105
      68
      90
      78
      96
      87
     106
      83
      92
     107
     104
      86
      97
     106
      95
      91
      90
      87
      74
      98
      92
      80
      85
      94
      86
      96
      90
      84
      71
      93
      87
      72
      75
      90
      86
      90
      87
      72
      82
      86
      76
     102
      85
      71
      94
      95
      96
      85
      88
      86
      92
      73
      90
      86
      87
     105
      84
      90
      84
      99
      82
      89
      89
      96
     100
      96
      95
      94
      89
      98
     100
      85
      91
      87
      92
      81
      89
      97
      96
      87
      77
     101
      91
      95
      94
     104
      96
      91
      94
      91
      92
     100
     103
      86
      87
      99
      94
      86
     107
      85
      90
      94
      77
      92
     102
      79
      83
     107
      84
      95
      93
      87
      82
     102
     101
      99
      83
      79
      78
      80
      98
      80
      96
      98
      84
     101
     105
      88
      77
      76
      84
      68
      93
      83
      70
     100
      90
      92
      94
      86
      94
      90
      84
      92
      87
     101
     100
      87
      95
      86
      81
      90
      86
      87
     103
      98
     101
     105
      77
      97
     103
      85
      72
       0
       0
       0
       0
       0
       0
       0
       0
       0
       0
       0
       0
       0
       0
       0
       0
       0
       0
       0
       0
       0
       0
       0
       0
       0
       0
       0
       0
       0
       0
       0
       0
$ROI:
0
$PRESETS:
None
0
0
$ENER_FIT:
0.000000 0.376604
$MCA_CAL:
3
0.000000E+000 3.766040E-001 0.000000E+000 keV
$SHAPE_CAL:
3
9.515098E+001 0.000000E+000 0.000000E+000
