$SPEC_ID:
Target
$SPEC_REM:
DET# 1
DETDESC# JLAB-9 MCB 135
AP# Maestro Version 7.01
$DATE_MEA:
11/18/2022 11:54:46
$MEAS_TIM:
88 93
$DATA:
0 2047
       0
       0
       0
       0
       0
       0
       0
       0
       0
       0
       0
       0
       0
       0
       0
       0
       0
       0
       0
       0
       0
       0
       0
       0
       0
       0
       0
       0
       0
       0
       0
       0
       0
       0
       0
       0
       0
       0
       0
       0
       0
       0
       0
       0
       0
       0
       0
       0
       0
       0
       0
       0
       0
       0
       0
       0
       0
       0
       0
       0
       0
       0
       0
       0
       0
       0
       0
       0
       0
       0
       0
       0
       0
       0
       0
       0
       0
       0
       0
       2
     115
     180
     147
     151
     171
     162
     160
     148
     169
     177
     165
     156
     152
     191
     153
     176
     149
     155
     161
     163
     167
     164
     173
     154
     169
     169
     175
     164
     181
     130
     150
     129
     172
     165
     154
     132
     155
     169
     158
     164
     188
     180
     157
     161
     167
     155
     182
     183
     170
     174
     169
     166
     163
     164
     159
     171
     173
     176
     170
     188
     164
     192
     169
     177
     183
     190
     168
     168
     189
     184
     177
     193
     159
     168
     187
     177
     174
     174
     188
     188
     201
     167
     192
     207
     165
     179
     199
     184
     214
     197
     181
     202
     156
     185
     181
     189
     179
     186
     204
     193
     192
     201
     165
     198
     213
     207
     212
     208
     188
     219
     203
     189
     207
     210
     237
     170
     214
     222
     220
     203
     211
     217
     228
     209
     213
     190
     208
     211
     205
     206
     223
     197
     198
     189
     192
     214
     214
     220
     221
     218
     242
     205
     225
     207
     210
     199
     206
     228
     192
     215
     230
     213
     230
     211
     214
     210
     191
     185
     233
     210
     215
     190
     225
     215
     204
     216
     235
     224
     249
     243
     190
     212
     233
     251
     230
     228
     234
     235
     251
     234
     210
     206
     232
     213
     231
     238
     227
     228
     230
     215
     274
     249
     246
     230
     248
     252
     224
     254
     219
     234
     243
     240
     254
     255
     236
     255
     261
     231
     262
     238
     267
     240
     250
     275
     244
     234
     240
     242
     246
     232
     282
     237
     269
     248
     239
     240
     247
     246
     271
     232
     234
     227
     278
     246
     237
     267
     258
     244
     250
     270
     273
     269
     268
     264
     241
     218
     277
     281
     266
     264
     256
     294
     248
     288
     259
     271
     280
     283
     280
     243
     253
     227
     289
     274
     261
     283
     245
     273
     263
     279
     271
     267
     259
     265
     243
     285
     264
     276
     262
     280
     285
     257
     272
     289
     271
     302
     306
     270
     303
     287
     275
     260
     278
     286
     292
     297
     277
     304
     294
     295
     304
     275
     315
     326
     314
     291
     305
     298
     300
     332
     351
     334
     320
     333
     388
     328
     342
     325
     367
     370
     344
     331
     360
     367
     388
     400
     400
     417
     451
     418
     414
     435
     416
     425
     447
     399
     417
     434
     455
     426
     444
     453
     437
     502
     469
     433
     468
     445
     444
     422
     429
     415
     406
     441
     438
     437
     426
     458
     443
     429
     393
     427
     429
     440
     414
     397
     412
     437
     427
     423
     394
     386
     353
     361
     383
     346
     344
     447
     381
     387
     358
     398
     333
     366
     380
     343
     312
     354
     341
     355
     339
     333
     331
     314
     344
     360
     311
     332
     315
     334
     326
     281
     336
     295
     319
     313
     319
     271
     271
     302
     298
     280
     299
     294
     306
     283
     299
     298
     281
     271
     304
     267
     268
     266
     252
     261
     289
     268
     265
     293
     248
     290
     254
     226
     261
     243
     267
     282
     271
     252
     263
     261
     272
     300
     241
     217
     225
     270
     255
     249
     246
     256
     230
     238
     275
     221
     220
     256
     257
     243
     228
     212
     217
     248
     221
     247
     249
     241
     244
     237
     199
     207
     208
     227
     231
     232
     255
     200
     212
     222
     187
     202
     249
     248
     203
     236
     207
     232
     200
     221
     234
     224
     208
     229
     198
     180
     236
     199
     210
     186
     206
     224
     192
     224
     232
     226
     210
     208
     185
     173
     207
     175
     193
     191
     196
     198
     198
     196
     201
     186
     204
     179
     202
     195
     202
     167
     193
     177
     196
     184
     165
     188
     193
     188
     195
     192
     188
     159
     190
     183
     182
     190
     192
     175
     177
     205
     199
     180
     201
     178
     171
     188
     160
     183
     190
     170
     187
     182
     188
     144
     176
     161
     175
     189
     197
     184
     169
     160
     170
     177
     185
     168
     194
     175
     192
     152
     178
     190
     188
     199
     179
     170
     186
     173
     190
     178
     166
     178
     183
     191
     176
     178
     150
     204
     156
     180
     163
     161
     161
     168
     159
     156
     174
     171
     163
     165
     154
     182
     169
     179
     150
     179
     176
     178
     164
     167
     157
     153
     158
     178
     155
     149
     155
     164
     163
     169
     151
     170
     132
     166
     168
     172
     146
     196
     173
     153
     194
     178
     165
     153
     162
     139
     176
     172
     171
     162
     144
     168
     145
     144
     143
     182
     144
     154
     145
     150
     151
     143
     138
     154
     139
     140
     125
     168
     121
     127
     127
     108
     126
     130
     138
     119
     115
     120
     120
     118
     102
     113
     119
     114
     106
     114
     115
      96
     120
     112
      99
      93
     105
     103
     102
     126
      95
     109
      95
      91
      70
      97
     108
      75
      92
      93
      98
      97
     100
      93
      88
      79
      89
      87
      83
      72
      75
      76
      80
      94
      84
      87
      91
      88
      85
      92
      92
      69
      62
      85
      99
      77
      79
      78
      80
      76
      77
     101
      74
      83
      68
      68
      72
      81
      86
      78
      78
      80
      72
      64
      68
      79
      85
      69
      73
      65
      70
      75
      73
      63
      76
      76
      75
      70
      71
      77
      81
      72
      62
      72
      63
      74
      72
      69
      67
      69
      61
      67
      70
      76
      64
      72
      64
      87
      57
      63
      69
      56
      74
      66
      60
      77
      76
      74
      71
      69
      70
      65
      68
      79
      65
      72
      72
      51
      49
      65
      60
      75
      79
      51
      61
      51
      61
      56
      63
      58
      58
      77
      66
      68
      54
      55
      59
      71
      56
      54
      61
      49
      53
      47
      53
      66
      62
      76
      60
      51
      57
      56
      70
      70
      61
      73
      56
      74
      51
      56
      52
      58
      63
      67
      57
      61
      58
      62
      65
      75
      66
      74
      74
      43
      69
      49
      68
      51
      47
      72
      74
      68
      65
      50
      67
      83
      62
      63
      61
      52
      65
      72
      57
      47
      64
      79
      63
      60
      78
      54
      60
      61
      54
      64
      61
      60
      50
      75
      52
      58
      61
      60
      56
      43
      73
      62
      55
      62
      74
      59
      67
      51
      57
      52
      68
      63
      58
      58
      58
      81
      65
      76
      71
      52
      55
      67
      79
      61
      70
      79
      64
      75
      67
      65
      76
      77
      75
      67
      64
      64
      74
      87
      71
      86
      79
      72
      73
      85
      77
      73
      78
      91
      86
      72
      97
     106
      94
     105
     105
      95
     107
      95
      97
     115
      96
     118
     110
     105
     107
     123
     129
     111
     112
     133
     135
     153
     125
     147
     151
     180
     160
     182
     161
     170
     156
     219
     209
     199
     212
     225
     222
     237
     260
     239
     236
     273
     275
     279
     315
     288
     319
     318
     358
     345
     361
     373
     373
     430
     372
     400
     409
     418
     491
     403
     489
     440
     480
     445
     523
     529
     529
     518
     579
     584
     675
     626
     651
     644
     625
     653
     677
     699
     686
     717
     699
     715
     742
     768
     723
     755
     810
     830
     824
     852
     839
     887
     886
     908
     888
     822
     838
     991
     865
     866
     924
     912
     935
     993
     983
     894
     899
     929
     957
     919
     965
     949
     950
     961
     960
     906
     898
     939
     957
     945
     958
     912
     868
     891
     888
     880
     918
     893
     912
     862
     844
     817
     773
     771
     731
     756
     770
     733
     754
     700
     667
     661
     667
     657
     640
     624
     584
     548
     625
     558
     498
     503
     508
     453
     460
     480
     477
     443
     405
     375
     371
     370
     343
     361
     336
     319
     353
     304
     250
     277
     257
     276
     254
     235
     220
     216
     195
     200
     190
     167
     142
     128
     149
     152
     155
     141
     123
     130
     112
     116
     120
      98
      96
      92
      88
      79
     100
      71
      82
      70
      71
      53
      76
      71
      59
      67
      60
      46
      39
      55
      58
      46
      47
      42
      44
      51
      41
      48
      33
      37
      36
      38
      24
      51
      60
      32
      32
      34
      38
      29
      35
      21
      37
      28
      29
      30
      46
      36
      35
      30
      24
      28
      35
      42
      44
      24
      31
      39
      24
      34
      35
      31
      37
      35
      18
      34
      30
      33
      29
      27
      24
      41
      31
      41
      32
      46
      24
      25
      38
      30
      38
      27
      27
      37
      26
      31
      29
      25
      35
      29
      35
      42
      46
      40
      34
      28
      45
      25
      37
      29
      31
      37
      42
      32
      31
      29
      30
      24
      27
      41
      30
      24
      29
      26
      34
      28
      34
      47
      35
      27
      22
      29
      27
      38
      26
      30
      34
      30
      42
      34
      41
      29
      48
      35
      30
      44
      33
      48
      32
      37
      31
      34
      29
      30
      34
      39
      24
      34
      46
      31
      40
      36
      30
      38
      29
      32
      33
      41
      27
      23
      33
      24
      35
      46
      31
      26
      57
      23
      36
      26
      32
      39
      29
      32
      39
      29
      24
      32
      33
      45
      30
      32
      29
      39
      36
      40
      43
      43
      40
      39
      25
      31
      36
      43
      39
      31
      44
      34
      33
      37
      42
      37
      37
      32
      35
      33
      34
      23
      31
      30
      42
      36
      42
      28
      30
      41
      38
      38
      38
      33
      38
      35
      35
      36
      34
      43
      32
      34
      32
      40
      27
      36
      38
      47
      49
      31
      44
      38
      45
      35
      39
      46
      39
      35
      34
      37
      37
      28
      30
      31
      41
      34
      35
      50
      48
      36
      43
      40
      46
      27
      40
      32
      40
      39
      39
      45
      32
      36
      42
      28
      47
      37
      34
      35
      35
      40
      36
      37
      29
      36
      43
      40
      37
      32
      31
      36
      34
      28
      47
      47
      47
      27
      37
      37
      32
      43
      34
      38
      40
      43
      36
      44
      36
      36
      33
      37
      40
      54
      38
      35
      42
      38
      32
      31
      29
      41
      27
      31
      39
      30
      27
      35
      40
      44
      41
      37
      29
      46
      39
      33
      30
      32
      35
      40
      39
      32
      34
      41
      40
      46
      33
      30
      30
      32
      43
      46
      42
      30
      28
      43
      29
      27
      42
      35
      32
      35
      37
      35
      31
      35
      28
      37
      36
      34
      28
      44
      30
      47
      36
      53
      39
      33
      27
      31
      31
      34
      37
      33
      35
      35
      25
      40
      32
      35
      27
      38
      30
      35
      29
      32
      28
      27
      26
      27
      36
      30
      38
      35
      34
      34
      32
      31
      33
      49
      29
      36
      31
      26
      29
      34
      31
      29
      39
      31
      40
      24
      22
      24
      34
      35
      32
      35
      43
      33
      33
      33
      35
      26
      32
      30
      33
      24
      26
      28
      23
      36
      30
      29
      37
      24
      31
      37
      28
      29
      30
      34
      35
      33
      28
      35
      34
      36
      25
      30
      34
      31
      31
      21
      26
      26
      29
      32
      33
      29
      27
      28
      34
      35
      23
      42
      32
      31
      29
      20
      27
      35
      28
      36
      42
      37
      32
      28
      25
      37
      29
      27
      31
      39
      39
      42
      27
      36
      28
      31
      33
      29
      35
      34
      31
      37
      30
      30
      36
      27
      24
      24
      25
      32
      40
      31
      40
      34
      25
      41
      26
      25
      30
      27
      30
      38
      36
      27
      43
      33
      35
      28
      33
      34
      32
      33
      28
      32
      34
      32
      36
      31
      35
      26
      31
      26
      31
      21
      30
      33
      31
      26
      26
      26
      34
      35
      26
      32
      30
      31
      28
      25
      28
      32
      28
      22
      30
      30
      33
      34
      37
      31
      27
      32
      34
      31
      28
      28
      30
      33
      28
      19
      26
      30
      24
      30
      33
      27
      27
      36
      28
      28
      21
      24
      36
      23
      26
      42
      27
      31
      24
      23
      31
      25
      27
      40
      21
      30
      31
      31
      39
      22
      21
      30
      30
      26
      27
      27
      39
      31
      38
      20
      45
      30
      33
      19
      30
      27
      30
      39
      37
      20
      33
      30
      32
      26
      40
      27
      26
      27
      36
      39
      31
      27
      36
      42
      40
      32
      34
      38
      33
      32
      33
      38
      31
      45
      25
      25
      28
      32
      25
      24
      30
      32
      39
      19
      32
      31
      23
      41
      29
      20
      32
      24
      31
      30
      27
      27
      32
      35
      27
      31
      26
      35
      33
      39
      30
      23
      25
      29
      37
      32
      31
      34
      34
      29
      29
      30
      28
      28
      23
      33
      28
      25
      28
      41
      33
      27
      37
      23
      27
      28
      26
      53
      26
      35
      29
      28
      34
      33
      18
      36
      23
      31
      24
      43
      39
      38
      25
      29
      34
      22
      16
      37
      22
      35
      36
      30
      31
      32
      42
      36
      37
      27
      34
      35
      29
      29
      26
      34
      32
      33
      40
      24
      29
      39
      49
      30
      44
      27
      35
      48
      24
      35
      33
      22
      29
      41
      32
      25
      35
      27
      37
      40
      31
      26
      32
      36
      32
      25
      31
      32
      43
      34
      31
      25
      38
      38
      26
      46
      28
      39
      37
      41
      29
      33
      37
      30
      38
      35
      29
      40
      30
      34
      30
      36
       0
       0
       0
       0
       0
       0
       0
       0
       0
       0
       0
       0
       0
       0
       0
       0
       0
       0
       0
       0
       0
       0
       0
       0
       0
       0
       0
       0
       0
       0
       0
       0
$ROI:
0
$PRESETS:
None
0
0
$ENER_FIT:
0.000000 0.376289
$MCA_CAL:
3
0.000000E+000 3.762887E-001 0.000000E+000 keV
$SHAPE_CAL:
3
1.061399E+002 0.000000E+000 0.000000E+000
