$SPEC_ID:
Target
$SPEC_REM:
DET# 1
DETDESC# JLAB-9 MCB 135
AP# Maestro Version 7.01
$DATE_MEA:
11/21/2022 15:43:29
$MEAS_TIM:
888 925
$DATA:
0 2047
       0
       0
       0
       0
       0
       0
       0
       0
       0
       0
       0
       0
       0
       0
       0
       0
       0
       0
       0
       0
       0
       0
       0
       0
       0
       0
       0
       0
       0
       0
       0
       0
       0
       0
       0
       0
       0
       0
       0
       0
       0
       0
       0
       0
       0
       0
       0
       0
       0
       0
       0
       0
       0
       0
       0
       0
       0
       0
       0
       0
       0
       0
       0
       0
       0
       0
       0
       0
       0
       0
       0
       0
       0
       0
       0
       0
       0
       0
       0
       0
       0
       1
       3
       1
       3
       3
       0
       1
       1
       2
       2
       3
       0
       1
       3
       3
       1
       1
       1
       3
       0
       2
       6
       2
       2
       1
       0
       2
       2
       2
       3
       1
       2
       3
       0
       1
       1
       0
       1
       5
       3
       6
       3
       5
       2
       4
       4
       6
       4
       5
       2
       1
       2
       6
       7
       7
       7
       7
       2
       5
       5
       3
       5
       2
       5
       5
       3
       4
       6
      11
       5
       3
       6
       1
       8
      10
       7
      10
       5
       6
       4
       5
       4
       7
       5
       4
       5
       8
      11
       5
       5
       5
       5
       5
       7
       7
       6
      10
      10
      11
      13
      11
       3
       7
       4
       8
       7
       6
       4
      10
       9
       8
      18
       9
      13
      11
      11
      12
      11
      11
      10
      12
      11
      12
      13
      12
      18
      11
      12
      12
      15
      15
      10
       7
      14
      13
      13
      13
      21
      15
      17
       9
      13
      19
      20
      20
      15
      15
      14
      12
      12
      19
      16
      19
      19
      14
      18
      14
      22
      20
      17
      20
      12
      11
      11
      18
      21
      17
      17
      20
      13
      17
      11
      11
      20
      20
      22
      12
      18
      18
      28
      22
      18
      31
      23
      20
      21
      17
      24
      25
      19
      27
      26
      30
      21
      23
      25
      15
      20
      25
      22
      21
      28
      26
      25
      16
      22
      14
      23
      18
      23
      17
      39
      25
      30
      31
      27
      23
      28
      23
      20
      23
      23
      23
      18
      27
      26
      24
      25
      28
      19
      23
      31
      35
      14
      21
      18
      24
      23
      25
      26
      29
      27
      28
      21
      22
      19
      26
      21
      23
      23
      22
      19
      23
      22
      19
      24
      26
      21
      18
      23
      15
      18
      15
      29
      22
      17
      23
      18
      16
      23
      19
      17
      18
      21
      20
      19
      15
      10
      20
      13
      14
      13
      14
      15
      14
       7
      19
      13
      17
      20
      12
      10
      14
      10
      19
       9
      15
      10
      10
      13
      14
      18
      22
      16
      12
      17
       7
      10
      17
      13
       9
      15
      11
       9
      14
      10
      13
      10
       7
      15
       5
      12
      12
       6
      11
      14
       8
      15
       9
       8
      12
      15
      10
      13
      13
      15
       9
      11
       6
       7
      10
       7
       9
      14
      11
       9
       5
      13
      15
       5
       8
      10
       7
      12
       9
      12
      11
       6
      15
      10
       7
      11
       7
      12
       8
      10
       9
      11
       9
       9
      11
       7
       6
       6
      12
      10
      13
       9
       9
       9
       7
      18
       7
       9
       5
      12
      10
       9
       9
       7
      11
      10
       3
       6
      13
      11
      12
       9
       5
       8
       7
      12
       6
       5
      10
       9
      12
       5
      11
      11
      10
       6
       7
       8
       5
       6
       8
       8
       7
       6
      10
       7
       5
      11
      11
       5
      12
       5
       7
       5
       6
       4
       6
       3
       7
       9
       8
       6
       3
       7
       5
       5
       4
       5
       9
       7
       7
       7
       9
       6
       4
       6
       6
       9
       7
       8
       6
       2
       1
       6
       3
       6
       1
       9
       6
       7
       2
       3
       4
       3
      10
       5
       7
       6
      10
       5
       7
       4
       2
       4
       7
       6
       7
       6
       9
       8
       6
       8
       2
       6
       9
       8
       5
       6
       3
       3
       9
       4
       7
      10
       5
       8
       2
       3
       5
       2
       4
       2
       6
       3
       6
       3
       8
       4
       4
       4
       1
       7
      10
      10
       7
       5
       9
       7
       5
       5
       3
       4
       8
       5
       9
       4
       6
       6
       8
       4
       8
       5
       8
       7
       7
       6
       8
       2
       5
       4
       2
       6
       6
       2
       5
       4
       4
       8
       7
      12
       5
       1
       6
       4
       2
       9
       5
       7
       5
       5
       4
       8
       6
       7
       4
       6
       6
       8
       5
       3
       1
      10
       3
       4
       4
       1
       8
       7
       6
       7
       4
       2
       4
       5
       7
       5
       7
       3
       4
       4
       8
      10
       6
       3
       4
       3
       3
       4
       3
       2
       5
       8
       9
       8
       9
      11
       5
       1
       9
       8
       5
       3
       6
       7
       7
      10
       6
       6
       7
       4
       3
       5
       7
      10
       3
       2
       8
       4
      11
       1
      10
       4
       2
       6
       5
       7
       5
       4
       4
       9
       4
       4
       5
       5
       2
       3
       6
       9
       5
       5
       8
       1
       5
       2
       2
       5
       3
       8
       2
       3
       4
       3
       2
       7
       3
       4
       4
       4
       5
       0
       4
       9
       6
       6
       6
       5
       1
       2
       5
       2
       4
       6
       5
       5
       6
       8
       2
       3
       7
       2
       3
       6
       5
       0
       5
       6
       4
       9
       9
       6
       7
       3
      12
       6
       3
       9
       3
       4
       5
       5
       4
       3
       3
       4
       6
       7
       6
       7
       6
       2
       7
       2
       7
       7
       1
       0
       2
       8
       5
       5
       1
       6
       5
       4
       5
       3
       5
       4
       0
       2
       9
       6
       4
       3
       2
       3
       7
       2
       6
       4
       3
       1
       6
       7
       4
       6
       4
       3
       5
       1
       9
       7
       5
       8
       2
       4
       5
       4
       4
       3
       7
       3
       1
       5
       2
       5
       1
       5
       4
       3
       3
       4
       1
       6
       3
       7
       5
       6
       3
       5
       3
       3
       5
       3
       6
       4
       5
       1
       5
       6
       3
       5
       3
       4
       4
       4
       2
       4
       6
       7
       7
       5
       4
       4
       4
       3
       4
       5
       1
       4
       3
       4
       2
       2
       6
       6
       7
       4
       5
       3
       3
       1
       0
       2
       5
       5
       5
       4
       4
       7
       3
       5
       3
       2
       6
       3
       1
       8
       2
       4
       2
       3
       2
       3
       7
       2
       7
       3
       4
       5
       5
       4
       1
       5
       4
       3
       6
       7
       4
       3
       2
       7
       1
       4
       5
       4
       1
       1
       2
       2
       0
       4
       2
       6
       4
       3
       3
       7
       5
       3
       4
       4
       1
       5
       5
       4
       1
       2
       6
       2
       5
       3
       4
       1
       3
       3
       4
       5
       4
       2
       1
       6
       5
       4
       1
       4
       6
       1
       7
       4
       2
       7
       1
       5
       1
       2
       4
       2
       3
       6
       2
       5
       1
       2
       2
       2
       3
       2
       4
       4
       2
       3
       5
       3
       4
       6
       2
       4
       3
       1
       1
       2
       4
       2
       4
       3
       5
       5
       3
       3
       3
       0
       4
       3
       2
       3
       2
       2
       6
       2
       3
       2
       0
       3
       6
       2
       1
       2
       1
       4
       2
       3
       3
       3
       4
       3
       3
       1
       0
       4
       5
       4
       2
       3
       6
       2
       4
       2
       1
       3
       5
       3
       3
       2
       3
       2
       1
       2
       1
       2
       4
       2
       3
       2
       8
       2
       3
       4
       2
       1
       4
       1
       3
       4
       2
       3
       3
       2
       4
       1
       1
       2
       5
       3
       0
       1
       2
       1
       3
       3
       2
       2
       1
       0
       3
       2
       0
       0
       0
       1
       2
       0
       1
       1
       4
       2
       0
       3
       2
       2
       1
       2
       2
       2
       3
       0
       1
       2
       3
       2
       0
       3
       1
       2
       0
       1
       1
       3
       2
       1
       2
       0
       3
       1
       2
       1
       3
       2
       0
       0
       1
       2
       1
       1
       4
       0
       1
       3
       4
       0
       2
       1
       3
       1
       0
       1
       0
       3
       1
       2
       2
       0
       1
       1
       0
       0
       3
       2
       1
       1
       0
       2
       0
       0
       0
       0
       2
       0
       1
       0
       3
       1
       0
       1
       0
       1
       0
       1
       1
       2
       0
       0
       0
       1
       2
       2
       0
       1
       0
       0
       0
       1
       0
       0
       1
       2
       0
       1
       0
       1
       2
       2
       0
       1
       0
       0
       0
       2
       2
       1
       0
       0
       1
       0
       0
       1
       3
       1
       1
       1
       1
       0
       2
       0
       0
       1
       0
       0
       1
       0
       1
       1
       1
       1
       0
       2
       0
       0
       0
       0
       2
       0
       0
       0
       2
       0
       2
       4
       0
       0
       0
       1
       0
       0
       0
       2
       2
       1
       0
       0
       1
       1
       0
       1
       0
       3
       1
       0
       0
       0
       0
       2
       0
       1
       0
       1
       0
       1
       0
       0
       1
       2
       0
       1
       2
       1
       0
       0
       0
       1
       1
       0
       0
       1
       0
       0
       0
       0
       0
       0
       0
       0
       2
       0
       0
       0
       0
       0
       0
       0
       0
       0
       1
       0
       0
       0
       0
       0
       0
       0
       2
       0
       0
       0
       0
       1
       1
       1
       0
       0
       0
       0
       0
       1
       0
       1
       1
       0
       1
       0
       0
       0
       0
       0
       1
       1
       0
       0
       2
       1
       1
       1
       1
       0
       0
       1
       1
       0
       1
       0
       0
       0
       1
       0
       0
       0
       0
       0
       2
       1
       1
       1
       1
       1
       1
       2
       2
       0
       0
       0
       2
       2
       0
       2
       1
       0
       1
       1
       3
       0
       0
       1
       2
       0
       2
       0
       0
       2
       2
       0
       0
       0
       0
       1
       1
       2
       0
       1
       0
       0
       1
       0
       1
       5
       1
       0
       2
       2
       1
       3
       2
       0
       2
       2
       3
       3
       3
       1
       3
       2
       4
       2
       3
       4
       1
       6
       4
       2
       2
       0
       3
       1
       3
       4
       4
       4
       4
       2
       3
       2
       6
       3
       7
       3
       3
       4
       3
       0
       6
       4
       2
       3
       4
       3
       4
       6
       4
       3
       4
       5
       6
       5
       4
       5
       3
       4
       4
       7
       7
       4
      13
       2
       2
       0
       2
       7
       2
       4
       3
       6
       8
       6
       5
       8
       4
       7
       6
       6
      11
       5
       6
       8
       4
       7
       2
       5
       8
       7
       8
       5
       7
       4
       6
       9
       7
       3
       0
      11
       4
       3
       2
       5
       5
       7
       6
       4
       5
       5
       4
       4
       2
       4
       6
       4
       2
       5
       5
       5
       4
       2
       4
       4
       4
       0
       3
       4
       6
       1
       6
       0
       3
       5
       1
       2
       3
       2
       0
       7
       2
       7
       2
       2
       6
       5
       0
       4
       1
       2
       2
       2
       2
       0
       1
       1
       1
       3
       1
       4
       1
       1
       1
       1
       1
       0
       1
       1
       2
       2
       1
       1
       2
       1
       0
       3
       3
       3
       2
       2
       1
       0
       0
       0
       0
       0
       1
       1
       2
       0
       2
       0
       0
       1
       0
       1
       0
       1
       0
       1
       0
       0
       1
       1
       2
       0
       0
       0
       0
       0
       1
       2
       1
       0
       0
       0
       0
       0
       0
       1
       0
       0
       0
       1
       0
       0
       1
       0
       0
       0
       0
       0
       0
       0
       0
       1
       0
       0
       2
       0
       0
       0
       0
       1
       0
       0
       0
       2
       0
       0
       0
       0
       1
       0
       1
       0
       0
       0
       0
       0
       0
       0
       0
       0
       1
       0
       0
       0
       0
       0
       0
       0
       0
       0
       0
       0
       0
       0
       0
       0
       0
       0
       0
       0
       0
       0
       0
       1
       0
       0
       0
       0
       0
       0
       0
       0
       0
       0
       0
       0
       1
       0
       0
       1
       0
       0
       0
       0
       0
       0
       0
       0
       0
       0
       0
       0
       1
       0
       1
       0
       0
       0
       0
       0
       0
       0
       0
       0
       0
       1
       0
       0
       0
       0
       0
       0
       0
       0
       0
       0
       0
       0
       0
       0
       0
       0
       0
       0
       0
       0
       0
       0
       0
       0
       0
       0
       0
       0
       0
       0
       1
       0
       0
       0
       0
       0
       0
       0
       0
       0
       1
       0
       1
       0
       1
       0
       2
       1
       0
       0
       0
       1
       0
       0
       0
       1
       0
       0
       0
       0
       0
       0
       1
       1
       0
       0
       0
       0
       1
       0
       0
       0
       1
       0
       0
       0
       0
       1
       0
       0
       0
       0
       1
       0
       0
       0
       0
       0
       0
       0
       0
       0
       0
       0
       0
       0
       0
       0
       0
       0
       0
       0
       0
       0
       0
       0
       0
       0
       0
       0
       0
       0
       0
       0
       0
       0
       0
       0
       0
       0
       0
       0
       0
       0
       0
       0
       0
       0
       0
       0
       0
       0
       0
       0
       0
       0
       0
       0
       0
       0
       1
       0
       0
       0
       0
       0
       0
       0
       0
       0
       0
       0
       0
       0
       0
       0
       0
       2
       0
       0
       0
       0
       0
       0
       0
       0
       1
       0
       0
       0
       0
       0
       0
       0
       0
       0
       0
       0
       0
       0
       0
       0
       0
       0
       0
       0
       0
       0
       0
       0
       0
       0
       0
       0
       0
       0
       0
       0
       1
       0
       0
       0
       0
       0
       0
       0
       0
       0
       0
       0
       0
       0
       0
       0
       0
       1
       0
       0
       0
       0
       0
       0
       0
       0
       0
       0
       0
       0
       0
       0
       0
       0
       0
       0
       0
       0
       0
       0
       0
       0
       0
       0
       0
       0
       0
       0
       0
       0
       0
       0
       0
       0
       0
$ROI:
0
$PRESETS:
None
0
0
$ENER_FIT:
0.000000 0.376289
$MCA_CAL:
3
0.000000E+000 3.762887E-001 0.000000E+000 keV
$SHAPE_CAL:
3
1.061399E+002 0.000000E+000 0.000000E+000
