$SPEC_ID:
Target
$SPEC_REM:
DET# 1
DETDESC# JLAB-9 MCB 135
AP# Maestro Version 7.01
$DATE_MEA:
11/18/2022 12:43:07
$MEAS_TIM:
1309 1367
$DATA:
0 2047
       0
       0
       0
       0
       0
       0
       0
       0
       0
       0
       0
       0
       0
       0
       0
       0
       0
       0
       0
       0
       0
       0
       0
       0
       0
       0
       0
       0
       0
       0
       0
       0
       0
       0
       0
       0
       0
       0
       0
       0
       0
       0
       0
       0
       0
       0
       0
       0
       0
       0
       0
       0
       0
       0
       0
       0
       0
       0
       0
       0
       0
       0
       0
       0
       0
       0
       0
       0
       0
       0
       0
       0
       0
       0
       0
       0
       0
       0
       0
       0
       1
       5
       4
       3
       2
       6
       2
       6
       2
       2
       2
       9
       4
       5
       1
       3
       5
       6
       7
       6
      10
       4
       3
       8
       1
       5
       3
       5
       2
       5
       4
       5
       7
       5
       5
       8
       3
       4
       7
       4
       5
       8
       8
       5
       8
       2
       5
       4
       9
      10
       6
       4
       6
       2
       4
       3
       3
       5
       5
       6
       3
       5
       9
       8
       9
       4
       5
      11
       5
       9
       5
       7
       6
       5
       9
       6
       5
      10
       4
       4
       5
       4
       4
       7
       5
       6
       7
       5
       3
       2
      10
       8
      10
       3
      10
       6
       8
       9
       5
      10
      10
       8
       8
       2
      11
       3
      10
      13
       7
      15
      10
       8
       5
       2
       7
       6
      16
       6
      15
       6
       9
       9
       7
       9
       9
       8
      10
      11
      10
       8
      10
       5
       5
      10
      13
       7
      11
       4
       9
       6
      11
       5
      13
       8
       5
      11
       7
      10
       7
       9
      13
      12
       6
       6
      12
      10
       9
      13
       8
      10
      11
       9
       9
      14
       5
       8
      11
       8
       4
       8
       9
      12
      13
       7
      11
      15
      12
      10
      13
       9
      15
       3
      15
      10
      16
      12
      11
      14
      10
      11
      12
      11
      12
      14
      10
       8
      13
      12
      15
      15
      14
      17
      12
      16
      18
      11
      16
      14
      16
      11
      15
      10
      11
       9
      20
      11
      13
      14
       8
      16
      15
      12
      14
      12
      16
      18
      21
      16
      10
      14
      13
      16
      11
      13
       9
      11
      18
      15
      18
      15
      15
      19
      15
       8
      18
       8
      18
      12
      14
      25
      10
      15
      19
      15
       9
       8
      11
      20
      11
      14
      17
      11
      14
      12
      13
      12
      16
      13
      19
      12
      20
      11
      14
      13
      17
      20
       9
      15
      21
      13
      10
       9
      17
       8
      16
      15
      15
      13
      10
      16
      18
      10
      20
      26
      14
      12
      13
      16
      17
       7
      14
      15
      12
      14
      18
       9
      16
      10
      14
      11
      19
      25
      14
      16
      18
      19
      26
      17
      19
      17
      22
      18
      20
      15
      20
      15
      21
      13
      16
      20
      21
      28
      29
      25
      19
      19
      27
      13
      16
      18
      21
      24
      19
      19
      21
      19
      19
      23
      22
      20
      25
      25
      31
      19
      23
      23
      26
      17
      29
      18
      25
      21
      10
      18
      15
      18
      17
      22
      14
      19
      20
      17
      12
      14
      24
      18
      16
      15
       8
       9
      15
      17
      19
       9
      12
      13
      25
      12
      18
      15
      16
      19
      20
      11
       9
      15
       8
      14
      16
      16
       9
      10
      11
      17
      13
      14
      14
      15
      13
      17
      11
      12
      15
      18
      17
      11
      10
      10
      10
      17
      11
      11
       9
      14
      13
      19
      21
      11
      11
      10
      10
      12
      22
       8
       5
      11
      15
      11
      14
       9
      11
      13
      11
      11
      10
      10
       8
       8
      10
      13
      12
      16
      12
      14
       7
       7
      15
       8
      11
      12
      12
       9
       9
      14
       7
      14
      13
      13
      11
      11
      12
      16
       9
      14
      11
      11
      10
      10
      17
      12
      10
      10
       9
      10
       9
       7
      11
       9
       7
      16
      13
      18
       9
       3
       8
      18
      11
       7
       4
       9
      13
       8
       5
      13
       8
      10
       9
       8
      12
      13
      13
       8
       6
      14
       6
       8
      12
       6
      11
      13
       8
      14
      12
      10
      11
       5
      15
      12
      10
      11
      13
      13
       9
      11
      12
       7
       5
       9
       8
       8
      13
       8
      12
      13
      11
      12
      10
      12
       8
      13
      12
       5
       6
       8
       8
       5
       8
      11
       9
       5
       6
       9
       7
      10
      14
       9
      14
       8
       8
       9
       9
       9
       9
      10
      14
       9
       4
      11
       9
      10
       8
       3
      12
      13
      14
       8
      12
      14
       5
      11
       2
      13
       3
       9
      15
      13
      13
      10
      10
      10
      10
      11
       6
       6
      10
       7
      14
       8
      10
       7
       9
       7
      11
       6
       8
      10
      14
      12
      10
       6
      11
      15
      11
       7
       6
      10
       8
       7
      11
       6
       6
      11
       6
       9
      10
      16
      12
       5
      13
      11
      11
       4
      11
       7
       9
       7
      12
       8
       7
      11
       8
      10
      12
       8
       8
      10
       8
      12
       6
      11
      17
       6
      15
      12
      10
       7
       8
       6
       7
      13
      11
       8
      12
      13
       8
       6
      12
      11
       6
       9
      12
       9
      10
       4
       6
       6
      13
      12
      10
      10
      12
      11
       7
       3
       9
       7
      16
       9
      10
      10
       7
      14
      13
      10
       4
       8
       9
      13
       9
       7
      13
       9
       5
       4
       4
       6
       7
       5
       8
      11
       9
      12
       8
      11
       8
      12
      10
       7
      10
      13
       5
      11
       8
      12
       6
       7
       3
       8
      12
      11
       7
       6
       6
       6
      11
       9
       8
       9
      10
       9
       9
       7
      11
       1
       4
       7
       6
      14
      13
       8
       4
       4
       4
       5
       8
       7
       6
       6
       6
      12
       9
       8
      14
       6
      11
      12
       6
       6
       5
       2
       7
       5
       7
       3
       5
       9
       7
       6
       5
      13
       3
       6
       5
       8
       9
      13
       8
      11
       8
       7
       8
       6
      11
       4
       5
      10
       3
      12
       7
      10
       3
       8
       6
       7
       9
       7
      11
      10
      11
       7
       6
       5
       5
       5
      11
      11
       5
       9
       5
      11
       6
       5
      10
       9
       8
       7
       5
       6
       5
      11
       7
       6
       3
       7
       5
       9
       6
       5
       3
      11
      11
       8
       6
      10
      11
       8
      10
       3
      10
       9
       3
       9
      10
       6
       7
       9
       6
       8
       7
      13
       8
       5
       4
       7
       7
       9
      10
      11
       4
       6
       8
       8
       7
       5
      13
       6
       7
       6
       7
       2
       9
      11
      11
       7
       7
       5
       3
      10
      11
       8
       8
       8
      10
       2
       4
       6
       7
       6
       1
       6
       7
       3
       6
       5
       1
       7
      10
       9
       6
       9
       2
       7
       3
       8
       6
       7
       5
       4
       3
       2
      10
       6
       9
       8
       2
       4
       8
       7
       4
       5
       2
       4
       6
       5
       6
      10
       6
       3
       5
       6
       3
       4
       2
       3
       2
       5
       3
       7
       4
       6
       5
       2
       7
       6
       4
       4
       2
       3
       6
       3
       0
       9
       6
       5
       2
       3
       3
       6
       5
       7
       2
       3
       5
       0
       0
       5
       4
       2
       2
       2
       6
       2
       1
       2
       2
       6
       2
       3
       3
       3
       2
       2
       5
       1
       1
       7
       4
       5
       6
       2
       3
       3
       3
       1
       5
       0
       2
       2
       2
       6
       1
       6
       2
       2
       4
       6
       3
       2
       0
       1
       2
       4
       3
       4
       2
       1
       2
       3
       2
       6
       1
       3
       2
       4
       3
       2
       2
       1
       1
       4
       3
       3
       2
       1
       1
       2
       6
       3
       3
       1
       3
       4
       1
       1
       4
       3
       0
       4
       2
       1
       2
       2
       2
       2
       2
       4
       5
       3
       1
       0
       1
       1
       3
       2
       3
       4
       0
       1
       5
       0
       2
       0
       2
       0
       4
       3
       3
       1
       2
       1
       2
       1
       2
       0
       2
       1
       2
       3
       1
       3
       0
       0
       1
       2
       2
       3
       1
       1
       2
       1
       3
       1
       0
       5
       1
       2
       3
       2
       2
       2
       3
       4
       1
       3
       1
       1
       3
       0
       0
       1
       2
       1
       2
       3
       2
       3
       2
       1
       0
       1
       1
       2
       7
       1
       3
       3
       2
       4
       0
       2
       0
       1
       0
       0
       1
       2
       1
       0
       0
       2
       3
       0
       2
       1
       2
       1
       3
       1
       2
       1
       3
       0
       2
       2
       1
       3
       3
       2
       0
       1
       2
       2
       3
       0
       1
       2
       0
       2
       2
       1
       1
       2
       1
       0
       2
       2
       0
       1
       0
       0
       1
       2
       0
       1
       1
       1
       3
       4
       0
       2
       2
       1
       2
       4
       4
       3
       2
       1
       1
       1
       1
       0
       1
       1
       4
       1
       6
       1
       1
       0
       0
       2
       1
       3
       3
       2
       1
       1
       3
       2
       4
       2
       3
       2
       3
       1
       1
       0
       4
       3
       2
       3
       0
       1
       2
       3
       0
       1
       1
       1
       6
       4
       1
       1
       1
       5
       6
       4
       5
       3
       3
       2
       4
       3
       5
       4
       3
       7
       3
       9
       6
       6
      11
      10
       6
       5
      10
       9
       5
       8
       9
       4
      13
       4
       5
       7
       8
      11
       9
       3
       4
      10
      12
      14
      12
       7
       6
      10
      13
      11
      11
       8
      13
      20
      10
      10
       4
      11
      11
      12
       8
      14
      13
      16
      16
       7
      15
      15
      11
      11
      21
      16
      17
      18
      19
      19
       7
      11
      18
      15
      21
      19
      12
       5
      21
      12
      17
      20
      16
      16
      19
      10
      22
      14
      23
      17
      17
      14
      29
      20
      14
      18
      25
      20
      25
      24
      17
      14
      20
      16
      22
      17
      19
      19
      19
      14
      21
      15
      17
      18
      20
      15
      12
       9
      18
      20
      13
      16
      20
       9
      13
      19
      19
      20
      18
      16
      15
      11
      14
       9
      14
      13
      19
       5
      10
       9
       6
       7
      11
       9
      16
      11
       8
       8
       8
      13
       7
      10
       4
       8
      12
       7
       7
       7
       9
       7
       6
       6
       7
       6
       5
       7
       5
       7
       4
       1
       3
       5
       3
       6
       3
       4
       1
       1
       1
       3
       2
       1
       1
       3
       4
       1
       0
       4
       1
       0
       0
       2
       0
       6
       1
       2
       0
       2
       0
       2
       1
       0
       1
       2
       0
       0
       0
       0
       1
       0
       0
       1
       0
       1
       0
       0
       1
       3
       0
       0
       0
       0
       1
       0
       0
       0
       0
       0
       0
       0
       0
       0
       0
       0
       1
       0
       1
       0
       0
       0
       0
       0
       1
       0
       0
       1
       1
       0
       0
       0
       1
       1
       0
       0
       0
       1
       1
       0
       0
       0
       0
       1
       0
       0
       0
       0
       0
       0
       1
       0
       1
       0
       0
       0
       0
       0
       0
       0
       1
       0
       0
       0
       0
       0
       0
       1
       0
       0
       0
       1
       0
       0
       0
       0
       0
       0
       0
       1
       1
       0
       0
       0
       0
       0
       0
       0
       0
       0
       1
       0
       0
       0
       0
       0
       0
       0
       1
       0
       0
       0
       0
       0
       0
       1
       0
       0
       1
       1
       0
       0
       0
       0
       0
       1
       0
       1
       0
       0
       0
       0
       0
       0
       0
       1
       0
       0
       0
       0
       0
       0
       0
       0
       0
       0
       0
       0
       0
       1
       0
       1
       1
       0
       1
       0
       0
       0
       0
       1
       0
       0
       0
       0
       0
       0
       0
       0
       0
       0
       0
       0
       0
       0
       0
       0
       0
       0
       0
       0
       0
       0
       0
       0
       1
       0
       2
       0
       0
       0
       1
       0
       1
       0
       0
       0
       0
       1
       0
       0
       0
       0
       0
       1
       1
       2
       0
       1
       0
       0
       0
       0
       0
       0
       0
       0
       1
       0
       0
       0
       0
       0
       0
       0
       0
       0
       0
       1
       1
       0
       0
       0
       0
       0
       0
       0
       0
       0
       0
       0
       0
       0
       0
       1
       0
       1
       0
       0
       0
       0
       0
       1
       0
       0
       0
       0
       0
       0
       1
       0
       0
       0
       0
       0
       0
       0
       0
       0
       0
       0
       0
       1
       0
       0
       0
       0
       0
       0
       0
       0
       0
       0
       0
       0
       0
       0
       0
       0
       1
       0
       0
       0
       0
       1
       0
       0
       0
       0
       0
       0
       0
       0
       0
       0
       0
       0
       0
       0
       0
       0
       0
       0
       0
       0
       1
       0
       0
       0
       0
       0
       1
       0
       0
       0
       0
       0
       1
       0
       0
       0
       0
       0
       0
       0
       0
       1
       0
       0
       0
       0
       0
       0
       0
       0
       0
       0
       0
       0
       0
       0
       0
       1
       0
       1
       1
       0
       0
       0
       0
       0
       0
       0
       0
       0
       0
       0
       0
       0
       0
       0
       0
       0
       0
       1
       1
       0
       0
       0
       0
       0
       0
       0
       0
       0
       0
       0
       0
       0
       1
       0
       0
       0
       0
       0
       0
       0
       0
       0
       0
       0
       1
       1
       0
       0
       0
       0
       0
       0
       0
       0
       0
       0
       0
       0
       0
       0
       0
       0
       0
       0
       0
       0
       0
       0
       0
       0
       0
       0
       1
       0
       1
       1
       0
       0
       0
       0
       0
       0
       0
       0
       0
       0
       0
       0
       1
       0
       0
       0
       0
       0
       0
       0
       0
       0
       0
       0
       0
       0
       0
       0
       0
       0
       0
       0
       0
       0
       0
       0
       0
       0
       0
       0
       0
       0
       0
       0
       0
       0
       0
       0
       0
       0
       0
       0
$ROI:
0
$PRESETS:
None
0
0
$ENER_FIT:
0.000000 0.376289
$MCA_CAL:
3
0.000000E+000 3.762887E-001 0.000000E+000 keV
$SHAPE_CAL:
3
1.061399E+002 0.000000E+000 0.000000E+000
