$SPEC_ID:
Target
$SPEC_REM:
DET# 1
DETDESC# JLAB-9 MCB 135
AP# Maestro Version 7.01
$DATE_MEA:
11/14/2022 16:06:33
$MEAS_TIM:
559 583
$DATA:
0 2047
       0
       0
       0
       0
       0
       0
       0
       0
       0
       0
       0
       0
       0
       0
       0
       0
       0
       0
       0
       0
       0
       0
       0
       0
       0
       0
       0
       0
       0
       0
       0
       0
       0
       0
       0
       0
       0
       0
       0
       0
       0
       0
       0
       0
       0
       0
       0
       0
       0
       0
       0
       0
       0
       0
       0
       0
       0
       0
       0
       0
       0
       0
       0
       0
       0
       0
       0
       0
       0
       0
       0
       0
       0
       0
       0
       0
       0
       0
       0
       0
       0
       0
       1
       2
       0
       0
       0
       1
       0
       0
       1
       0
       3
       4
       1
       1
       3
       1
       0
       2
       1
       0
       3
       7
       1
       0
       3
       1
       1
       4
       0
       4
       1
       0
       4
       3
       2
       0
       3
       0
       1
       5
       7
       1
       4
       2
       2
       5
       3
       3
       5
       5
       4
       1
       3
       6
       5
       5
       6
       2
       2
       2
       2
       5
       4
       3
       3
       4
       5
       3
       6
       7
       5
       3
       2
       2
       5
       4
       0
      10
       6
       7
       2
       3
       8
       9
      10
       2
       2
       2
       9
      13
       5
      10
      10
       9
       6
      10
       9
      13
      11
       8
      10
      10
      12
       7
      10
       8
       5
       7
       8
      13
       8
       9
       6
       9
       8
      15
       9
      10
      12
       7
      14
       6
      11
       7
      14
       9
      16
      13
      23
      11
      16
      17
      11
       7
      17
      19
      22
      14
      18
      16
      12
      16
      16
       9
      24
      27
      16
      14
      18
      12
      14
      11
      19
      14
      20
      13
      23
      13
      19
      11
      13
      12
      19
      12
      16
      18
      12
      20
      20
      12
      10
      12
      22
      18
      22
      20
      14
      12
      22
      15
      17
      20
      21
      24
      22
      32
      25
      21
      21
      19
      17
      20
      30
      16
      24
      17
      24
      29
      18
      28
      22
      14
      22
      24
      18
      23
      14
      22
      17
      21
      17
      22
      21
      14
      11
      25
      23
      23
      18
      16
      15
      18
      17
      11
      21
      18
      20
      15
       9
      16
      12
      16
      15
      20
      17
      11
      20
      18
      15
      26
      14
      17
      12
       8
      24
      14
      20
      15
      13
      14
      15
      20
      12
      17
      17
      12
       5
      10
      12
      17
      12
       9
      14
      12
      11
       7
      10
      13
      13
      15
      16
       9
       8
      11
      11
       8
      11
      11
      10
       9
      10
       6
       7
       8
      11
      11
      10
      11
      10
      15
       7
       7
       7
       5
       7
       7
       9
      10
       9
       7
       9
      11
       7
       6
      10
       8
       6
       4
       9
      16
       7
       9
       5
       8
       7
       5
       6
       7
       6
       8
       7
       5
       6
       5
       9
       8
       9
       8
       9
       5
       7
       7
      16
       7
       9
       6
       7
       5
       5
       7
       4
       7
       9
       9
       5
       4
       6
       7
       7
       5
       6
       9
       4
       8
       5
       9
       7
       4
       4
       3
       7
       3
       2
       8
       4
       3
       9
       3
       5
       1
       4
      10
       5
       5
       4
       2
       8
       4
       7
       3
       5
      10
       4
       9
       4
       6
       4
       3
       2
       6
       5
       8
       4
       4
      10
       5
       5
       4
       2
       9
       3
       4
       5
       6
       3
       5
       2
       1
       7
       5
       7
       6
       4
       4
       6
       8
       8
       6
       9
       5
       5
       8
       6
       5
      12
       6
       2
       5
       6
       5
       5
       4
       7
       6
       3
       6
       6
       7
       3
      10
       7
       5
       3
       6
       4
       7
       5
       6
       4
       4
       3
       7
       8
       8
       8
       1
       4
       4
       9
       7
       1
       5
       7
       3
       7
       4
       6
       4
       7
       3
      11
       2
       2
       7
       3
       5
       5
       8
       6
       3
       4
       8
      10
       5
       6
       3
       7
       7
       3
       2
       4
       6
       5
       4
       5
       6
       6
       6
       9
       6
       4
       8
       3
       5
       3
       3
       7
       5
       7
       4
       7
       4
       4
       3
       6
       1
       4
       4
       5
       1
       4
      10
       4
       4
       4
       7
       3
       6
       2
       7
       4
       6
       4
       4
       6
       3
       3
       4
       5
       2
       3
       6
       4
       8
       7
       7
       4
       6
       1
       5
       4
       5
       5
       4
       4
       4
      11
       3
       6
       6
       3
       2
       4
       3
       5
       5
       4
       4
       6
       3
       7
       4
       7
       1
       4
       6
       2
       6
       4
       3
       2
       3
       6
      10
       2
       4
       5
       5
       2
       9
       6
       5
      10
       4
       4
       7
       3
       8
       5
       4
       3
       1
       4
       7
       2
       6
       7
       5
       5
       6
       8
       3
       2
       1
       5
       6
       4
       3
       3
       4
       5
       6
       4
       4
       3
       3
       6
       4
       3
       5
       7
       6
       0
       1
       1
       4
       1
       2
       2
       6
       3
       5
       7
       5
       4
       7
       3
       5
       2
       5
       4
       7
       4
       3
       4
       3
       3
       4
       4
       2
       4
       4
       2
       7
       2
       7
       5
       0
       3
       3
       5
       0
       6
       3
       4
       3
       4
       4
       3
       2
       5
       3
       4
       3
       2
       7
       3
       6
       4
       5
       4
       2
       4
       4
       5
       1
       1
       8
       4
       4
       2
       3
       2
       0
       6
       3
       1
       3
       4
       2
       2
       1
       2
       4
       3
       0
       0
       5
       3
       2
       2
       4
       3
       0
       2
       1
       3
       0
       1
       4
       4
       0
       3
       5
       4
       3
       0
       1
       1
       4
       6
       3
       3
       1
       1
       1
       1
       4
       2
       1
       4
       1
       1
       2
       1
       2
       3
       3
       2
       1
       2
       0
       2
       3
       2
       1
       4
       2
       2
       2
       3
       3
       2
       0
       3
       0
       1
       1
       2
       0
       2
       2
       3
       2
       0
       0
       1
       2
       0
       1
       4
       1
       2
       2
       4
       1
       0
       1
       2
       0
       2
       4
       2
       1
       0
       1
       0
       2
       4
       2
       1
       3
       1
       2
       3
       2
       3
       0
       0
       0
       1
       3
       1
       4
       0
       1
       1
       1
       1
       2
       0
       1
       2
       2
       2
       0
       1
       2
       0
       0
       1
       0
       1
       2
       0
       0
       1
       0
       3
       0
       0
       0
       0
       0
       0
       0
       0
       1
       0
       0
       1
       1
       0
       0
       2
       1
       1
       1
       1
       2
       0
       0
       0
       1
       0
       0
       0
       0
       0
       0
       0
       0
       1
       0
       0
       0
       0
       0
       1
       1
       0
       0
       1
       1
       0
       0
       1
       0
       2
       0
       0
       0
       0
       2
       0
       0
       2
       0
       1
       1
       1
       2
       0
       1
       0
       0
       0
       0
       0
       1
       0
       0
       0
       0
       0
       1
       0
       1
       0
       0
       1
       1
       2
       0
       1
       0
       0
       0
       0
       0
       1
       0
       0
       1
       1
       1
       1
       1
       1
       1
       0
       0
       1
       0
       0
       0
       1
       0
       0
       0
       0
       2
       0
       0
       2
       0
       0
       0
       0
       2
       0
       1
       1
       1
       1
       1
       1
       0
       1
       1
       1
       0
       1
       0
       2
       0
       1
       1
       1
       0
       4
       3
       3
       0
       1
       3
       0
       0
       2
       0
       1
       0
       0
       1
       3
       2
       2
       0
       3
       4
       0
       3
       1
       1
       1
       3
       2
       4
       2
       1
       2
       4
       3
       1
       6
       2
       0
       4
       3
       5
       4
       5
       8
       3
       4
       1
       6
       2
       4
       5
       6
       4
       3
       2
       4
       5
       7
       3
       6
       9
      10
       3
       5
       2
       8
       2
       6
       9
       7
       5
       4
       3
       6
       5
       9
       9
       6
       8
       2
       7
       3
       8
       3
       6
       1
       5
       5
       8
       3
      10
       4
       3
       7
       3
       3
       3
       6
       5
       6
       5
       4
       3
       2
       1
       4
       6
       4
       4
       2
       3
       2
       3
       5
       2
       4
       2
       1
       4
       3
       0
       2
       4
       3
       2
       2
       3
       1
       2
       2
       3
       4
       4
       4
       1
       2
       2
       0
       2
       0
       3
       1
       2
       0
       0
       1
       0
       1
       1
       1
       0
       0
       0
       0
       0
       0
       1
       0
       0
       0
       0
       0
       0
       0
       0
       0
       1
       2
       1
       0
       0
       0
       0
       0
       1
       0
       0
       0
       1
       0
       0
       0
       1
       0
       0
       1
       0
       0
       0
       0
       0
       1
       0
       0
       0
       0
       0
       0
       0
       0
       0
       0
       0
       0
       0
       1
       0
       0
       0
       1
       0
       1
       0
       0
       0
       1
       0
       0
       1
       0
       0
       0
       0
       0
       0
       1
       0
       0
       0
       0
       1
       2
       0
       0
       0
       0
       0
       0
       0
       0
       0
       0
       0
       0
       0
       0
       0
       0
       0
       0
       0
       0
       0
       0
       0
       0
       0
       0
       0
       0
       0
       0
       0
       1
       0
       1
       0
       0
       0
       0
       0
       0
       0
       0
       0
       1
       0
       0
       0
       1
       0
       0
       0
       0
       0
       0
       0
       0
       0
       0
       0
       0
       0
       0
       0
       0
       0
       0
       0
       0
       0
       0
       0
       0
       0
       0
       0
       0
       0
       0
       0
       0
       0
       0
       0
       0
       0
       0
       0
       0
       0
       1
       0
       0
       0
       0
       0
       0
       0
       0
       0
       0
       0
       0
       0
       0
       0
       0
       1
       1
       0
       0
       0
       0
       1
       0
       1
       0
       0
       0
       0
       0
       0
       0
       0
       0
       0
       0
       0
       0
       0
       0
       0
       0
       0
       0
       0
       0
       0
       0
       0
       0
       0
       0
       0
       0
       0
       0
       0
       1
       0
       0
       0
       0
       1
       0
       0
       1
       0
       0
       0
       0
       0
       0
       0
       0
       1
       0
       0
       0
       0
       0
       0
       0
       0
       0
       0
       1
       0
       0
       0
       0
       1
       0
       0
       0
       0
       0
       0
       0
       0
       0
       0
       0
       0
       0
       0
       0
       0
       0
       0
       0
       0
       0
       0
       0
       0
       0
       0
       0
       0
       0
       0
       0
       0
       0
       0
       0
       0
       0
       0
       0
       0
       0
       0
       0
       0
       1
       0
       0
       0
       0
       0
       0
       0
       0
       1
       0
       0
       1
       0
       0
       0
       0
       0
       0
       1
       0
       0
       0
       0
       0
       0
       0
       0
       0
       0
       0
       0
       0
       0
       0
       0
       0
       0
       1
       0
       0
       0
       0
       0
       0
       0
       0
       1
       0
       0
       0
       0
       0
       0
       0
       0
       0
       0
       0
       0
       0
       0
       0
       0
       0
       0
       0
       0
       0
       0
       0
       0
       1
       0
       0
       0
       0
       0
       1
       0
       0
       0
       0
       0
       0
       0
       0
       0
       0
       0
       0
       1
       0
       0
       0
       0
       0
       0
       0
       0
       1
       0
       0
       0
       0
       0
       0
       0
       0
       0
       1
       0
       0
       0
       0
       0
       0
       0
       1
       0
       0
       0
       0
       0
       0
       0
       0
       0
       0
       0
       0
       0
       0
       0
       0
       1
       0
       0
       1
       0
       0
       1
       0
       0
       1
       0
       0
       0
       1
       0
       0
       0
       0
       0
       0
       0
       0
       1
       0
       0
       0
       0
       0
       0
       0
       0
       0
       0
       0
       0
       0
       0
       0
       0
       0
       0
       0
       0
       0
       0
       0
       1
       0
       0
       0
       0
       0
       0
       0
       0
       0
       0
       0
       0
       0
       1
       0
       0
       0
       0
       0
       0
       0
       0
       0
       0
       0
       0
       0
       0
       0
       1
       0
       0
       0
       1
       0
       1
       0
       0
       1
       1
       0
       0
       0
       0
       0
       0
       0
       0
       0
       1
       0
       0
       0
       0
       0
       0
       1
       0
       0
       0
       0
       0
       0
       0
       0
       0
       0
       0
       0
       0
       0
       0
       0
       0
       0
       0
       0
       0
       0
       0
       0
       0
       0
       1
       0
       1
       0
       0
       0
       0
       0
       0
       0
       0
       0
       0
       0
       0
       0
       0
       0
       0
       0
       0
       0
       0
       0
       0
       0
       0
       1
       0
       0
       0
       0
       0
       0
       0
       0
       0
       0
       0
       0
       0
       0
       0
       0
       0
       0
       0
       0
       0
       0
       0
       1
       0
       0
       0
       0
       0
       0
       0
       0
       1
       0
       0
       0
       0
       0
       0
       0
       0
       0
       0
       0
       0
       0
       0
       0
       0
       0
       0
       0
       0
       0
       0
       0
       0
       0
       0
       0
       0
       0
       0
       0
       0
       0
       0
       0
       0
       0
       0
       0
       0
       0
       0
       0
       0
       0
       0
       0
       0
       0
       0
       0
       0
       0
       0
       0
       2
       0
       0
       0
       0
       0
       0
       0
       0
       0
       0
       0
       0
       0
       0
       0
       0
       0
       0
       0
       0
       0
       0
       0
       0
       0
       0
       0
       0
       0
       0
       0
       0
       0
       0
       0
       0
       0
       0
       0
       0
       0
       0
       0
       0
       0
       0
       0
       0
       0
       0
       0
       0
       0
       0
       0
       0
       0
       0
       0
       0
       0
       0
       0
       0
       0
       0
       0
       0
       0
       0
       0
       0
       0
       0
       0
       0
       0
       0
       0
       0
       0
       0
       0
       0
       0
       0
       0
       0
       0
       0
       0
       0
       0
       0
       0
       0
       1
       0
       0
       0
       0
       0
       0
       0
       0
       0
       0
       0
       0
       0
       0
       0
       0
       0
       0
       0
       0
       0
       0
       0
       0
       0
       0
       0
       0
       0
       0
       0
       0
       0
       0
       0
       0
       0
       0
       0
       0
       0
$ROI:
0
$PRESETS:
None
0
0
$ENER_FIT:
0.000000 0.376289
$MCA_CAL:
3
0.000000E+000 3.762887E-001 0.000000E+000 keV
$SHAPE_CAL:
3
1.061399E+002 0.000000E+000 0.000000E+000
