$SPEC_ID:
Target
$SPEC_REM:
DET# 1
DETDESC# JLAB-9 MCB 135
AP# Maestro Version 7.01
$DATE_MEA:
11/14/2022 15:49:04
$MEAS_TIM:
860 897
$DATA:
0 2047
       0
       0
       0
       0
       0
       0
       0
       0
       0
       0
       0
       0
       0
       0
       0
       0
       0
       0
       0
       0
       0
       0
       0
       0
       0
       0
       0
       0
       0
       0
       0
       0
       0
       0
       0
       0
       0
       0
       0
       0
       0
       0
       0
       0
       0
       0
       0
       0
       0
       0
       0
       0
       0
       0
       0
       0
       0
       0
       0
       0
       0
       0
       0
       0
       0
       0
       0
       0
       0
       0
       0
       0
       0
       0
       0
       0
       0
       0
       0
       0
       1
       0
       3
       1
       2
       2
       2
       2
       0
       0
       1
       0
       0
       2
       1
       0
       2
       0
       2
       0
       1
       0
       1
       0
       0
       0
       0
       1
       1
       0
       1
       1
       3
       1
       0
       1
       1
       1
       2
       0
       1
       0
       1
       1
       1
       1
       1
       0
       2
       1
       0
       1
       2
       0
       1
       2
       0
       1
       1
       2
       1
       3
       2
       1
       2
       0
       1
       4
       0
       6
       2
       0
       1
       3
       4
       2
       1
       3
       0
       2
       2
       0
       1
       1
       2
       3
       4
       2
       5
       1
       0
       0
       1
       3
       0
       2
       4
       1
       2
       3
       2
       0
       4
       1
       3
       2
       3
       3
       5
       6
       2
       1
       3
       2
       3
       4
       4
       4
       2
       1
       2
       2
       5
       4
       3
       1
       3
       3
       2
       0
       1
       3
       2
       3
       3
       5
       7
       4
       4
       2
       5
       7
       2
       2
       4
       2
       5
       2
       3
       0
       1
       2
       3
       5
       4
       1
       4
       2
       4
       4
       2
       4
       4
      10
       0
       5
       3
       2
       4
       7
       3
       5
       4
       9
       2
       5
       2
       0
       2
       3
       5
       1
       4
       3
       3
       8
       4
       5
       4
       3
       7
       4
       6
       6
       2
       2
       9
       2
       4
       6
       2
       3
       6
       4
       5
       4
       8
       6
       6
       5
       3
       9
       3
       7
       4
       3
       3
       7
       3
       4
       6
       4
       3
       6
       1
       6
       7
       4
       8
       5
       5
       9
       6
       5
       6
       2
       5
       5
       4
       5
       4
       6
       8
       2
       2
       5
       9
       5
       4
       7
       6
       6
       2
       5
       5
       3
       2
       6
       2
       5
      10
       3
       2
       3
       7
       6
       6
      10
       7
       3
       2
       6
       9
       2
       4
       3
       4
       4
       5
       5
       4
      11
       3
       6
       6
       6
       3
       6
       3
       2
       5
       2
       7
       1
       4
       6
       4
       5
       8
       5
       4
       2
       7
       8
       5
       4
       5
       7
       4
       7
       6
       3
       5
       5
       2
       8
       3
       5
       2
      11
       3
       6
       8
       2
       7
       7
       4
       5
       8
       6
       5
       2
       3
       2
       5
       5
       7
      11
       4
       6
       7
       2
       4
       6
       3
       7
       4
      11
       6
       3
       8
       4
       2
       8
       7
       4
       4
       7
       4
       3
       8
       5
       4
       1
       3
       4
       6
      10
       5
       8
       7
       4
       7
       7
       3
       7
       8
       5
       7
       7
       6
       2
       7
       9
       3
       9
       5
       7
       3
       8
       4
       6
       5
       6
       5
       3
       4
       6
       9
       8
       7
       1
       5
       8
       6
       7
       5
       5
       6
       7
       4
       5
       7
       7
       3
       4
       4
       9
       7
      10
       4
       7
       8
       8
       8
       7
      11
       4
       5
       7
       4
       8
       6
       7
       6
       3
       8
      11
       9
      10
       8
       4
       6
      12
       3
       6
       6
       8
      11
      15
      10
      13
       7
       9
       7
      10
      10
      10
      10
      12
       8
      17
       8
       5
      13
      13
      17
      13
      12
      13
       6
      12
       8
       8
      14
      10
      13
      13
      18
      13
      12
      10
      15
      15
      14
      22
      13
      14
      15
      15
      14
      21
      13
      18
      18
      16
      19
      20
      11
      17
      14
      18
      18
      26
      26
      12
      24
      26
      15
      25
      24
      19
      24
      16
      16
      26
      18
      24
      16
      23
      16
      31
      43
      16
      24
      23
      23
      32
      26
      25
      22
      23
      30
      33
      34
      22
      28
      21
      23
      39
      29
      32
      21
      17
      30
      42
      31
      29
      30
      23
      18
      30
      30
      32
      27
      25
      36
      19
      30
      29
      40
      24
      23
      31
      33
      26
      21
      19
      28
      13
      19
      27
      23
      24
      24
      29
      20
      26
      32
      36
      26
      26
      23
      16
      19
      19
      24
      26
      25
      17
      19
      19
      17
      31
      20
      19
      18
      11
      12
      15
      10
      14
      22
      15
      12
      14
      17
      14
      18
       8
      12
       9
      10
      13
      11
      18
      13
      13
       9
      13
       9
       4
      12
      10
      11
      11
       5
       7
       7
      14
      11
      14
      14
       8
       7
      11
       5
      10
      10
       6
       6
       9
       5
       9
       8
       6
      10
       8
       7
       7
       8
      10
      10
      14
      11
       4
       9
       8
       4
       7
      13
       8
       6
       6
       5
       5
       9
       7
       8
      12
       5
      10
       3
       4
       9
       5
       9
       7
       3
       7
       9
       2
       4
       5
       9
      11
       3
       6
       7
       6
      10
       6
      11
       7
       4
       8
      10
       5
       5
       9
       9
       1
       5
       4
       4
       7
       3
       7
       3
       7
       5
       8
       6
       5
       6
       4
       5
       7
       7
       7
       1
       5
       1
       7
       5
       8
       4
       3
       2
       8
       2
       5
       3
       3
       5
       2
       4
       4
       3
       1
       1
       1
       1
       3
       3
       1
       6
       9
       6
       6
       3
       0
       5
       5
       2
       6
       6
       4
       3
       6
       1
       7
       4
       2
       0
       1
       5
       1
       3
       2
       1
       1
       2
       5
       4
       2
       1
       5
       4
       2
       9
       1
       3
       1
       2
       5
       3
       2
       2
       4
       5
       2
       3
       3
       4
       2
       1
       2
       2
       1
       2
       5
       3
       2
       1
       3
       1
       1
       3
       4
       3
       1
       1
       0
       2
       4
       4
       1
       2
       0
       0
       2
       3
       2
       0
       0
       2
       1
       0
       3
       2
       1
       6
       4
       1
       2
       1
       0
       0
       1
       0
       3
       2
       0
       1
       1
       3
       1
       1
       0
       3
       1
       0
       1
       0
       2
       0
       1
       1
       0
       1
       0
       1
       2
       0
       0
       2
       0
       0
       0
       3
       1
       0
       2
       2
       0
       1
       3
       0
       0
       1
       0
       0
       1
       1
       2
       0
       0
       1
       1
       1
       2
       2
       2
       1
       0
       0
       1
       1
       1
       1
       0
       0
       1
       1
       2
       1
       1
       0
       2
       2
       2
       1
       0
       1
       0
       1
       0
       1
       1
       1
       0
       0
       0
       1
       2
       0
       0
       0
       1
       3
       1
       0
       0
       2
       0
       1
       0
       0
       1
       0
       0
       1
       1
       0
       1
       0
       1
       1
       1
       0
       0
       1
       1
       1
       0
       1
       0
       0
       1
       2
       1
       1
       1
       0
       2
       0
       5
       1
       0
       1
       2
       1
       2
       2
       0
       1
       0
       1
       0
       0
       0
       0
       1
       0
       2
       0
       2
       1
       1
       1
       0
       4
       0
       2
       2
       1
       0
       3
       2
       0
       0
       1
       1
       3
       4
       2
       0
       2
       3
       3
       4
       3
       2
       4
       3
       2
       4
       6
       6
       4
       1
       1
       3
       0
       1
       4
       6
       5
       2
       4
       4
       6
       3
       7
       1
       3
       1
       3
       4
       6
       6
       5
       3
       3
       5
       3
       4
       6
       2
       4
       5
       7
       5
       3
       7
       8
       4
       5
       2
       9
       4
       7
       5
       9
       1
       4
       0
       4
       6
      12
       8
       5
       5
       3
       7
       3
       2
       8
       5
       3
       4
       5
       5
       6
       9
       8
       5
       5
       6
       4
       7
       2
       6
       4
       8
       4
       4
       5
       4
       2
       4
       3
       6
       1
       5
       5
       4
       6
       1
       4
       4
       2
       6
       3
       4
       3
       0
       1
       2
       1
       2
       2
       5
       2
       0
       2
       1
       1
       3
       0
       1
       2
       1
       1
       0
       0
       1
       0
       1
       2
       0
       0
       0
       0
       0
       0
       1
       2
       1
       3
       0
       0
       0
       1
       0
       1
       1
       0
       1
       0
       1
       0
       1
       0
       1
       0
       1
       0
       0
       0
       0
       0
       0
       0
       2
       0
       0
       0
       0
       0
       0
       0
       0
       0
       0
       0
       1
       0
       0
       0
       0
       0
       0
       0
       0
       0
       0
       0
       0
       1
       0
       0
       0
       2
       0
       0
       0
       0
       1
       0
       0
       0
       0
       1
       0
       0
       0
       0
       0
       2
       0
       0
       0
       0
       0
       0
       2
       1
       1
       0
       0
       0
       0
       0
       0
       1
       1
       1
       0
       0
       0
       1
       1
       0
       0
       0
       0
       0
       0
       2
       0
       0
       0
       0
       0
       0
       0
       0
       1
       0
       0
       0
       0
       1
       0
       1
       0
       0
       0
       0
       0
       0
       0
       0
       0
       1
       0
       0
       0
       0
       1
       0
       0
       0
       0
       0
       0
       0
       0
       0
       0
       0
       1
       0
       1
       0
       0
       0
       0
       1
       0
       0
       0
       0
       0
       0
       0
       0
       0
       0
       0
       0
       1
       0
       0
       0
       0
       0
       1
       0
       0
       0
       0
       0
       0
       0
       1
       0
       0
       0
       0
       0
       0
       0
       0
       0
       1
       0
       0
       0
       0
       0
       0
       0
       0
       0
       1
       0
       0
       0
       0
       2
       0
       0
       0
       0
       0
       1
       0
       0
       1
       0
       0
       0
       0
       1
       0
       1
       1
       1
       0
       0
       0
       1
       1
       0
       0
       1
       0
       0
       1
       0
       0
       0
       0
       0
       0
       0
       0
       0
       2
       0
       0
       0
       0
       0
       0
       0
       0
       0
       0
       0
       0
       0
       0
       0
       0
       1
       3
       0
       0
       0
       0
       0
       0
       0
       0
       1
       1
       0
       0
       0
       0
       0
       0
       0
       1
       1
       1
       0
       0
       0
       2
       0
       0
       0
       0
       0
       0
       0
       0
       0
       0
       0
       0
       0
       0
       2
       0
       0
       0
       0
       0
       0
       0
       0
       1
       0
       0
       0
       0
       1
       0
       0
       0
       1
       0
       0
       1
       0
       0
       0
       1
       0
       0
       0
       0
       1
       2
       0
       0
       0
       0
       0
       0
       1
       0
       0
       0
       0
       0
       0
       0
       0
       0
       0
       0
       0
       0
       0
       0
       0
       0
       1
       1
       0
       0
       0
       0
       0
       0
       0
       0
       0
       0
       0
       0
       0
       0
       0
       0
       0
       0
       0
       0
       0
       0
       1
       0
       0
       0
       0
       0
       1
       0
       2
       1
       1
       1
       0
       0
       0
       0
       0
       0
       0
       0
       0
       0
       0
       0
       1
       0
       0
       0
       1
       0
       0
       0
       0
       0
       0
       0
       1
       0
       0
       0
       0
       0
       0
       0
       0
       1
       0
       0
       0
       1
       0
       0
       0
       1
       0
       0
       0
       0
       0
       2
       0
       0
       0
       0
       0
       0
       0
       0
       0
       0
       0
       0
       1
       1
       0
       0
       0
       0
       1
       0
       0
       0
       0
       0
       0
       0
       0
       0
       0
       1
       0
       0
       0
       0
       0
       0
       0
       0
       0
       0
       0
       0
       0
       0
       0
       2
       0
       0
       0
       0
       0
       1
       0
       0
       1
       0
       0
       0
       0
       0
       0
       0
       0
       0
       0
       0
       1
       0
       0
       0
       0
       0
       1
       0
       0
       0
       0
       0
       1
       0
       1
       0
       0
       0
       0
       1
       0
       0
       0
       0
       1
       0
       0
       0
       0
       0
       0
       0
       0
       0
       1
       0
       0
       0
       0
       0
       0
       0
       0
       0
       0
       0
       0
       0
       0
       0
       0
       0
       0
       1
       0
       0
       0
       0
       0
       0
       0
       0
       0
       1
       0
       0
       0
       0
       0
       0
       0
       0
       0
       0
       0
       0
       0
       0
       0
       0
       0
       0
       0
       0
       0
       0
       0
       0
       0
       0
       0
       0
       0
       0
       0
       0
       0
       0
       0
       0
       0
       0
       1
       0
       0
       0
       0
       0
       0
       0
       0
       0
       0
       0
       0
       0
       0
       0
       0
       0
       0
       0
       0
       0
       0
       0
       0
       0
       0
       0
       0
       0
       1
       0
       0
       0
       0
       0
       0
       0
       1
       1
       0
       0
       0
       0
       0
       0
       0
       0
       0
       0
       0
       0
       0
       0
       0
       0
       0
       0
       0
       0
       0
       0
       0
       0
       0
       1
       0
       0
       0
       0
       0
       0
       0
       0
       0
       0
       1
       0
       0
       0
       0
       0
       0
       0
       0
       0
       0
       0
       0
       0
       0
       0
       0
       0
       0
       0
       0
       0
       1
       0
       0
       0
       0
       0
       0
       0
       1
       0
       0
       0
       1
       0
       0
       0
       0
       0
       0
       0
       0
       0
       1
       1
       1
       0
       0
       0
       0
       0
       0
       0
       0
       0
       1
       0
       0
       0
       1
       0
       0
       0
       0
       0
       0
       0
       0
       0
       0
       0
       0
       0
       0
       0
       0
       0
       0
       0
       0
       0
       0
       0
       0
       0
       0
       0
       0
       0
       0
       0
       0
       0
       0
       0
       0
       0
       0
       0
       1
       0
       0
       0
       0
       0
       0
       0
       0
       0
       0
       0
       0
       0
       0
       0
       0
       0
       0
       0
       0
       0
       0
       0
       0
       0
       0
       0
       0
       0
       0
       0
       0
       0
       0
       0
$ROI:
0
$PRESETS:
None
0
0
$ENER_FIT:
0.000000 0.376289
$MCA_CAL:
3
0.000000E+000 3.762887E-001 0.000000E+000 keV
$SHAPE_CAL:
3
1.061399E+002 0.000000E+000 0.000000E+000
