$SPEC_ID:
Scatter
$SPEC_REM:
DET# 2
DETDESC# JLAB-9 MCB 136
AP# Maestro Version 7.01
$DATE_MEA:
11/16/2022 15:34:40
$MEAS_TIM:
1957 1975
$DATA:
0 2047
       0
       0
       0
       0
       0
       0
       0
       0
       0
       0
       0
       0
       0
       0
       0
       0
       0
       0
       0
       0
       0
       0
       0
       0
       0
       0
       0
       0
       0
       0
       0
       0
       0
       0
       0
       0
       0
       0
       0
       0
       0
       0
       0
       0
       0
       0
       0
       0
       0
       0
       0
       0
       0
       0
       0
       0
       0
       0
       0
       0
       0
       0
       0
       0
       0
       0
       0
       0
       0
       0
       0
       0
       0
       0
       0
       0
       0
       0
       0
       0
       0
       7
      23
      34
      25
      20
      24
      35
      25
      31
      22
      15
      18
      18
      16
      17
      13
      21
      21
      22
      18
      17
      15
      13
       7
      24
      12
      13
      11
      11
      16
      22
      20
      10
      15
      15
      14
      19
      20
      12
      11
      15
      13
       9
      15
      24
      13
       9
      14
      21
      12
      19
      22
      22
      13
      15
      15
      18
      17
      17
      14
      21
      18
      12
       9
      19
      11
      14
       9
      10
      15
      20
      17
      23
      14
      15
      12
      18
      19
      23
      20
      13
      16
      21
      13
      14
      19
      24
      14
      12
      13
      16
      13
      28
      23
      21
      17
      18
      17
      25
      22
      24
      30
      18
      26
      13
      19
      14
      24
      19
      28
      29
      16
      26
      20
      23
      22
      17
      21
      33
      16
      26
      30
      24
      31
      21
      25
      25
      23
      33
      29
      31
      25
      25
      29
      29
      34
      23
      23
      23
      22
      21
      22
      27
      19
      26
      12
      21
      19
      26
      20
      32
      18
      23
      22
      26
      26
      18
      22
      20
      18
      30
      30
      31
      17
      23
      25
      22
      27
      22
      17
      24
      21
      27
      20
      23
      19
      30
      34
      22
      19
      30
      15
      25
      26
      22
      30
      29
      15
      25
      15
      19
      26
      20
      17
      25
      24
      34
      29
      23
      30
      28
      33
      28
      25
      22
      26
      30
      34
      22
      27
      31
      23
      26
      21
      25
      29
      26
      17
      18
      27
      14
      27
      27
      15
      27
      32
      28
      30
      25
      27
      31
      25
      33
      30
      32
      27
      21
      25
      23
      29
      13
      28
      20
      23
      36
      25
      32
      31
      30
      26
      30
      26
      32
      24
      24
      31
      28
      15
      43
      23
      28
      25
      25
      26
      26
      35
      33
      28
      32
      25
      34
      35
      29
      21
      20
      28
      23
      25
      21
      29
      37
      28
      29
      29
      31
      23
      35
      28
      18
      22
      26
      21
      24
      28
      23
      40
      32
      31
      20
      24
      19
      31
      30
      30
      19
      16
      27
      29
      28
      36
      33
      24
      30
      24
      41
      31
      25
      38
      15
      35
      29
      28
      26
      24
      34
      34
      31
      26
      24
      40
      18
      25
      24
      26
      25
      28
      39
      32
      27
      27
      22
      31
      36
      35
      22
      31
      25
      37
      17
      23
      26
      26
      26
      20
      31
      32
      30
      33
      34
      23
      26
      26
      39
      25
      26
      26
      28
      33
      33
      22
      28
      29
      31
      33
      26
      27
      32
      29
      39
      36
      28
      31
      35
      25
      20
      25
      31
      24
      32
      27
      23
      23
      21
      27
      27
      17
      26
      22
      24
      26
      24
      23
      21
      26
      25
      21
      24
      28
      21
      21
      29
      25
      39
      17
      20
      31
      28
      26
      21
      27
      24
      20
      20
      19
      23
      26
      30
      21
      28
      30
      26
      25
      27
      15
      32
      22
      19
      19
      31
      15
      23
      20
       9
      28
      25
      21
      21
      16
      27
      24
      26
      29
      27
      20
      27
      30
      24
      21
      22
      23
      15
      19
      21
      17
      27
      28
      17
      25
      16
      31
      23
      20
      27
      32
      20
      18
      19
      28
      17
      28
      22
      24
      21
      28
      20
      28
      18
      30
      22
      19
      19
      22
      22
      21
      25
      23
      19
      20
      21
      23
      25
      24
      14
      19
      21
      24
      20
      28
      19
      27
      26
      18
      18
      26
      23
      19
      18
      21
      18
      18
      17
      24
      18
      22
      20
      25
      20
      13
      21
      25
      25
      20
      25
      34
      16
      21
      25
      23
      14
      29
      21
      26
      17
      21
      17
      27
      20
      17
      15
      11
      15
      20
      27
      14
      21
      20
      19
      22
      16
      18
       9
      20
      20
      20
      23
      27
      14
      16
      14
      22
      17
      19
      21
      16
      18
      18
      16
      20
      21
      17
      19
      18
      21
      23
      23
      16
      17
      25
      19
      12
      14
      16
      23
      16
      23
      25
      19
      20
      19
      13
      16
      25
      21
      21
      24
      19
      23
      18
      12
      16
      11
      21
      19
      25
      20
      20
       9
      17
      19
      20
      17
      18
      17
      23
       9
      22
      19
      21
      13
      21
      16
      21
      25
      23
      16
      21
      13
      15
      15
      18
      18
      22
      17
      21
      17
      20
      17
      21
      17
      27
      27
      17
      18
      21
      16
      28
      16
      17
      13
      21
      17
      21
      17
      19
      18
      13
      19
      16
      17
      11
      17
      15
      17
      16
      18
      19
      18
      23
      12
      16
      12
      16
      19
      10
      15
      19
      14
      11
      15
      18
      22
      16
      20
      13
      11
      22
       8
       8
      18
      21
      16
      14
      12
      12
      13
      17
      13
      16
      18
      14
      13
      12
      22
      20
      14
      19
       9
      10
       9
      23
      20
      12
      15
      13
      17
      17
      18
      17
      18
      17
       9
      11
      17
      13
      17
      11
      14
      10
      10
      14
      12
      12
       9
      11
      10
      17
      13
      19
      10
      21
      14
      17
      19
      10
      10
      12
      17
      12
      18
      19
       8
      12
      10
      15
      18
      14
      18
      17
      10
      15
       9
      14
       7
      13
       6
      15
      12
      17
      18
      14
      15
      10
      15
      11
      16
      15
      12
      10
      12
      13
       8
       6
      10
       8
      15
       8
      18
      18
      13
      12
      11
       9
      11
      12
      10
      12
       7
      15
       9
      11
      12
       9
      17
      13
       8
      12
      11
      14
      14
       7
      15
      17
      17
       8
      13
      14
      14
      17
      10
      10
      11
      12
      13
      10
       9
      19
      10
      12
      11
      10
      13
      10
      12
      10
      10
       7
      15
      11
      13
       4
      10
       9
       9
       8
       9
      17
       6
      14
       7
       9
       8
       9
       8
      10
      13
      18
      15
      11
      10
      10
      16
       9
       9
       8
      10
      14
      10
      15
       7
      13
      13
      15
      16
       8
      20
      15
      12
      12
      17
       7
      13
      22
      13
      14
      15
      11
      15
      15
      16
      16
      11
       7
      17
      16
      16
      17
      16
      17
      13
      16
      17
      20
      15
      12
      12
      18
      10
      13
      11
       9
      16
      16
      19
      12
      10
      18
       9
      13
      12
      23
      13
      22
      23
      19
      13
      20
      10
      17
      10
      16
       8
      18
      22
      20
      19
      24
      27
      14
      19
      25
      19
      17
      18
      21
      18
      14
      14
      17
      11
      21
      13
      25
      16
      11
      17
      21
      11
      19
      19
      16
      14
      27
      11
      18
      18
      20
      19
      26
      23
      31
      16
      19
      17
      25
      35
      27
      24
      26
      14
      33
      24
      22
      25
      21
      24
      19
      25
      20
      20
      26
      20
      21
      22
      31
      19
      23
      25
      25
      28
      19
      29
      19
      22
      21
      29
      21
      29
      26
      29
      27
      33
      38
      22
      29
      26
      21
      20
      27
      27
      17
      35
      20
      26
      23
      30
      29
      26
      23
      29
      24
      21
      30
      27
      32
      31
      31
      44
      34
      31
      30
      20
      35
      26
      36
      32
      20
      32
      35
      34
      28
      33
      30
      35
      35
      46
      40
      34
      26
      27
      41
      38
      40
      25
      37
      30
      27
      30
      32
      31
      24
      38
      26
      31
      28
      26
      29
      33
      30
      38
      31
      26
      33
      33
      29
      41
      29
      31
      31
      28
      44
      23
      28
      25
      48
      27
      29
      28
      43
      32
      34
      37
      27
      38
      21
      30
      31
      35
      36
      30
      25
      24
      32
      29
      38
      36
      40
      35
      32
      42
      40
      32
      27
      26
      26
      43
      23
      35
      37
      25
      23
      32
      31
      31
      24
      34
      17
      36
      46
      33
      27
      24
      30
      23
      29
      31
      28
      32
      25
      32
      33
      34
      28
      28
      30
      31
      25
      19
      21
      25
      25
      39
      35
      22
      31
      19
      26
      24
      29
      27
      25
      30
      23
      22
      25
      20
      17
      25
      22
      24
      24
      21
      22
      23
      22
      21
      21
      24
      19
      18
      16
      19
      18
      15
      21
      16
      14
      17
      21
      17
      15
      17
      16
      19
      20
       7
       6
      17
      11
      13
      12
      14
      10
      19
      10
      11
      12
      11
      10
       7
      10
      12
       8
      15
       5
       8
       8
       9
       9
      11
       7
       5
       9
       8
      11
       8
      13
       7
       7
      10
       5
       5
      10
       8
       6
       2
       4
       5
       8
       4
       4
       5
       1
       4
       4
       4
       1
       5
       1
       5
       5
       5
       6
       2
       1
       2
       5
       4
       0
       2
       2
       0
       6
       1
       3
       2
       5
       1
       1
       1
       2
       1
       2
       3
       3
       0
       5
       1
       2
       0
       3
       2
       2
       0
       2
       1
       1
       4
       2
       2
       1
       3
       0
       2
       1
       1
       1
       1
       0
       1
       4
       1
       2
       1
       2
       2
       2
       0
       0
       0
       2
       2
       0
       2
       0
       1
       0
       0
       3
       0
       0
       2
       2
       1
       0
       0
       2
       1
       0
       1
       1
       0
       1
       2
       1
       2
       1
       1
       0
       1
       3
       1
       0
       1
       1
       4
       0
       0
       2
       2
       0
       1
       1
       2
       0
       1
       0
       1
       1
       2
       1
       1
       1
       0
       3
       1
       1
       0
       1
       1
       0
       0
       0
       3
       3
       2
       1
       0
       5
       3
       4
       1
       2
       0
       1
       1
       1
       3
       0
       1
       2
       0
       1
       0
       1
       2
       0
       2
       3
       3
       3
       2
       1
       0
       1
       3
       4
       1
       4
       2
       0
       2
       3
       2
       0
       1
       1
       2
       2
       2
       1
       3
       1
       1
       1
       5
       4
       1
       1
       2
       3
       4
       7
       3
       2
       3
       1
       0
       2
       1
       1
       6
       2
       3
       2
       3
       2
       4
       5
       3
       3
       4
       3
       4
       3
       1
       5
       2
       3
       1
       2
       3
       1
       4
       3
       5
       3
       6
       4
       1
       3
       4
       3
       3
       3
       4
       4
       4
       7
       4
       4
       5
       5
       8
       7
       4
       2
       5
       5
       8
       5
       1
       4
       1
       6
       8
       3
       2
       3
       6
       3
       6
       2
       1
       4
       5
       4
       4
       1
       2
       2
       4
       1
       3
       2
       7
       6
       3
       4
       4
       2
       4
       1
       3
       2
       1
       5
       0
       1
       3
       2
       5
       1
       2
       1
       2
       1
       1
       4
       0
       1
       3
       1
       2
       0
       3
       3
       0
       0
       1
       3
       0
       1
       0
       2
       1
       2
       2
       0
       2
       1
       2
       1
       0
       1
       0
       0
       0
       1
       2
       1
       0
       1
       0
       0
       0
       0
       0
       1
       0
       1
       0
       1
       0
       2
       0
       0
       1
       0
       0
       0
       1
       0
       0
       1
       1
       0
       1
       1
       1
       0
       0
       0
       1
       1
       0
       1
       0
       1
       1
       1
       0
       2
       0
       2
       0
       1
       1
       0
       1
       1
       1
       0
       0
       0
       0
       0
       0
       0
       0
       1
       0
       0
       0
       0
       0
       0
       0
       0
       1
       0
       0
       0
       1
       1
       0
       1
       0
       1
       0
       1
       0
       0
       0
       0
       1
       0
       0
       0
       0
       0
       0
       0
       0
       0
       0
       0
       1
       0
       1
       0
       1
       0
       1
       0
       0
       0
       0
       0
       0
       1
       1
       0
       2
       0
       0
       1
       0
       0
       1
       1
       0
       0
       0
       1
       1
       0
       1
       1
       0
       0
       0
       0
       0
       1
       0
       0
       0
       0
       1
       0
       0
       0
       0
       1
       2
       2
       0
       1
       1
       1
       0
       1
       2
       0
       0
       0
       0
       0
       0
       0
       0
       0
       0
       1
       0
       0
       1
       1
       2
       0
       1
       0
       0
       1
       0
       0
       1
       0
       0
       0
       0
       0
       0
       0
       0
       0
       0
       0
       0
       0
       2
       0
       1
       0
       2
       0
       0
       1
       2
       0
       0
       0
       1
       0
       1
       1
       0
       0
       0
       0
       0
       0
       0
       0
       0
       0
       0
       1
       1
       0
       0
       0
       0
       0
       0
       1
       0
       0
       1
       1
       1
       0
       1
       0
       0
       0
       1
       0
       2
       1
       0
       0
       0
       0
       0
       0
       1
       0
       0
       0
       0
       0
       1
       0
       0
       1
       0
       0
       0
       0
       0
       0
       0
       0
       1
       0
       0
       1
       0
       0
       0
       0
       0
       0
       0
       0
       0
       0
       0
       0
       0
       0
       0
       0
       0
       1
       1
       0
       0
       1
       1
       0
       0
       0
       0
       0
       0
       0
       0
       0
       1
       0
       0
       0
       1
       0
       1
       0
       1
       0
       0
       0
       0
       1
       0
       0
       0
       0
       0
       0
       0
       0
       0
       3
       0
       1
       0
       0
       0
       0
       0
       0
       1
       0
       0
       1
       0
       0
       0
       0
       0
       0
       0
       0
       0
       0
       0
       0
       0
       0
       0
       0
       0
       0
       0
       0
       0
       0
       0
       0
       0
       0
       0
       0
       0
       0
       0
       0
       0
       0
       0
       0
       0
       0
       0
       0
       0
$ROI:
0
$PRESETS:
None
0
0
$ENER_FIT:
0.000000 0.376604
$MCA_CAL:
3
0.000000E+000 3.766040E-001 0.000000E+000 keV
$SHAPE_CAL:
3
9.515098E+001 0.000000E+000 0.000000E+000
