$SPEC_ID:
Target
$SPEC_REM:
DET# 1
DETDESC# JLAB-9 MCB 135
AP# Maestro Version 7.01
$DATE_MEA:
11/16/2022 16:09:12
$MEAS_TIM:
1955 2047
$DATA:
0 2047
       0
       0
       0
       0
       0
       0
       0
       0
       0
       0
       0
       0
       0
       0
       0
       0
       0
       0
       0
       0
       0
       0
       0
       0
       0
       0
       0
       0
       0
       0
       0
       0
       0
       0
       0
       0
       0
       0
       0
       0
       0
       0
       0
       0
       0
       0
       0
       0
       0
       0
       0
       0
       0
       0
       0
       0
       0
       0
       0
       0
       0
       0
       0
       0
       0
       0
       0
       0
       0
       0
       0
       0
       0
       0
       0
       0
       0
       0
       0
       0
       6
       0
       3
       3
       4
       3
       3
       2
       0
       6
       1
       3
       3
       1
       5
       3
       4
       1
       4
       2
       3
       1
       5
       2
       2
       2
       7
       5
       5
       4
       6
       5
       3
       5
       1
       5
       3
       2
       2
       3
       4
       1
       8
       5
       0
       5
       9
       0
       7
       6
       3
       1
       3
       3
       2
       3
       3
       6
       2
       6
       2
       5
       3
       1
       7
       7
       2
       1
       4
       3
       3
       1
       7
       4
       5
       0
       3
       8
       5
       3
       6
       9
       6
       1
       4
       5
       7
       3
       5
       3
       2
       3
       8
       5
       4
      11
       3
       3
       5
       2
       6
       7
      11
       7
       2
       8
       4
       5
       7
       8
       4
      13
       7
       2
       6
       9
       6
       6
       4
       8
       2
       7
       5
       5
       5
      10
       6
      15
      10
       6
       7
       9
       9
       6
      10
      11
       7
       6
       6
      10
      12
      14
       7
       5
       6
       9
      12
       6
       8
       3
       8
      15
       4
       8
       6
      11
      11
       8
      10
       9
       5
       6
      13
       7
      12
       7
      11
       7
       8
       7
       6
       7
      17
      14
       9
       6
       8
      12
      11
       4
       4
      12
      14
       5
       7
      12
      10
       5
      12
      11
      10
       7
       6
      11
       9
       7
      13
      10
      12
      14
       8
       5
       5
      13
       6
       8
      14
       8
      17
       6
      14
      10
      10
      12
      15
       9
      16
      11
       9
       8
      10
      11
       5
      15
      13
      12
       8
      10
      10
       8
      11
       9
       8
      10
       5
      14
      11
      10
      11
       7
      14
       9
      11
      14
      15
      11
      11
      10
      11
      17
      10
       9
      11
      11
      10
       8
      13
       7
      14
       9
      13
      11
      13
       8
      21
      16
      18
      14
      12
       8
       9
      12
       8
       7
      12
      13
      14
       5
       6
      17
      11
       8
      12
       8
      13
      11
      15
      11
      15
       5
       8
       6
      10
      14
      13
      14
      13
      16
       9
      10
      12
       9
      14
      14
       8
      12
       6
      12
      13
       9
      14
      12
      16
      11
      16
       9
      13
       8
      13
      14
       9
      12
       7
       9
      12
      11
      13
      16
      14
       9
      18
      15
       9
      14
      10
      11
      14
      16
      13
      18
      14
       8
      15
      15
      10
      16
       9
      11
      16
      10
      13
      16
       7
       9
       7
      19
      15
      23
       9
      17
      11
      14
      13
      18
      11
      16
      13
       9
      12
      11
      14
       8
      16
       9
       6
      18
       9
      15
       9
       9
      13
      11
      15
      21
      20
      14
      15
      14
      15
      15
       8
      12
      17
       8
      19
       9
      20
       9
      14
      10
      11
      18
      20
      15
      19
      14
      16
      15
      15
      19
      17
      15
      15
       9
      16
      21
      17
      20
      18
       8
      14
      14
      17
      17
      12
      14
      12
      20
      17
      14
      16
      13
      19
      16
      23
      22
      18
      15
      15
      12
      16
      21
      16
      15
      16
      18
      20
      16
      17
      21
      12
      27
      26
      20
      10
      20
      12
      23
      22
      11
      14
      22
      15
      20
      16
      23
      19
      14
      12
      16
      23
      22
      16
      20
      15
      16
      20
      17
      15
      16
      21
      22
      16
      15
      17
      20
      24
      25
      23
      21
      21
      15
      22
      19
      18
      27
      26
      31
      35
      28
      20
      28
      25
      25
      24
      29
      30
      26
      24
      28
      20
      26
      34
      25
      29
      26
      31
      37
      28
      30
      29
      30
      35
      30
      36
      25
      30
      31
      31
      31
      34
      41
      21
      39
      42
      36
      33
      42
      40
      40
      36
      35
      41
      39
      41
      42
      34
      45
      35
      38
      35
      40
      34
      48
      40
      52
      43
      32
      41
      39
      44
      40
      51
      38
      55
      56
      55
      43
      41
      50
      47
      43
      46
      39
      44
      57
      51
      45
      41
      43
      53
      57
      52
      53
      45
      43
      42
      50
      52
      47
      57
      48
      44
      55
      60
      59
      47
      42
      49
      47
      51
      52
      62
      57
      49
      47
      43
      60
      63
      48
      48
      44
      50
      57
      53
      48
      51
      39
      57
      52
      56
      55
      64
      39
      53
      50
      66
      54
      46
      70
      54
      55
      60
      47
      45
      37
      51
      43
      60
      70
      58
      50
      51
      57
      51
      47
      58
      35
      60
      42
      42
      47
      45
      54
      40
      33
      39
      50
      52
      59
      53
      40
      42
      36
      35
      48
      45
      47
      42
      47
      43
      41
      39
      55
      49
      46
      26
      43
      40
      36
      39
      36
      39
      36
      43
      36
      42
      42
      42
      29
      31
      40
      29
      45
      40
      39
      29
      34
      44
      42
      35
      28
      32
      38
      32
      31
      26
      34
      30
      26
      22
      29
      26
      28
      39
      22
      32
      32
      19
      24
      32
      27
      19
      25
      20
      17
      18
      25
      25
      23
      21
      23
      22
      17
      23
      16
      21
      23
      19
      13
      20
      14
      16
      28
      21
      18
      26
      22
      23
      18
      18
      13
      13
      14
      25
      18
      24
      16
      10
      15
      16
      21
      19
      22
      16
      21
      20
      18
      11
      15
      16
      24
      16
      18
      29
      12
      16
      12
      20
      11
      18
      17
      10
      16
      11
      14
       9
       9
      10
      12
      19
      10
      16
      14
      14
      14
      14
       9
      15
       6
      18
      16
      17
      13
      17
       7
      16
      14
      17
      16
      10
      12
      16
      13
      23
      13
      12
      16
      15
       6
      18
      11
       9
      14
      12
      12
      13
      10
       8
      15
      11
       9
      11
      10
      10
      14
      16
      16
      19
      14
       8
       7
       7
      15
      14
      15
      12
       8
      19
      19
      25
      15
      18
      12
       9
      21
      10
      14
      14
       7
      10
       9
      13
       8
      11
      10
      17
       8
      17
      13
      10
      10
       7
      21
       6
       7
       9
      10
       9
      14
      11
       8
       8
       6
       7
       6
      10
      11
       9
      13
       5
       8
      10
      14
      11
       7
       9
      10
      12
      10
      11
      15
       8
      14
       7
      10
       8
      14
       7
       6
      16
      14
       8
       7
      14
       6
       6
       8
       8
      10
      16
      11
      10
       8
       9
       5
       7
       7
       8
      10
       3
      17
       7
       9
       8
       4
      12
       8
      13
       3
       8
      17
       9
      11
       6
       3
      11
      11
       5
      10
      12
      11
      17
      12
       8
      10
      10
      11
       9
      14
       8
       4
      10
       9
      11
       6
      12
      10
       5
       7
       6
       8
       4
       9
       8
       8
       4
       5
       6
       4
       8
       9
       5
       6
      11
       8
       9
       8
       8
       5
       9
      10
       8
       7
       5
       6
      10
       6
       7
       7
       5
       3
       8
       5
      13
       7
       9
      10
       6
       9
       4
       5
       3
       4
       3
       5
       3
       4
       9
       7
       3
       6
       2
       4
       9
       3
       8
       6
       6
       5
       2
       3
       5
       2
       6
       7
       5
       0
       3
       7
       3
       2
       8
       4
       3
       6
       9
       3
      12
       5
       5
       6
       7
       6
       9
       1
       3
       5
       5
       4
       6
       2
       5
       5
       4
       1
       3
       6
       5
       5
       2
       2
       3
       5
       3
       3
       4
       4
       0
       3
       1
       6
       6
       3
       3
       3
       6
       5
       5
       1
      12
       4
       4
       4
       3
       5
       3
       4
       0
       1
       5
       1
       2
       3
       4
       1
       3
       4
       4
       3
       1
       4
       2
       4
       1
       3
       2
       1
       1
       4
       1
       1
       4
       3
       4
       5
       1
       8
       3
       2
       3
       4
       2
       5
       2
       3
       2
       1
       4
       1
       0
       7
       3
       3
       0
       2
       4
       4
       2
       1
       2
       2
       0
       4
       2
       0
       2
       3
       2
       1
       2
       1
       3
       3
       2
       2
       1
       4
       4
       1
       3
       1
       2
       3
       1
       3
       1
       2
       2
       1
       0
       4
       2
       2
       2
       1
       1
       2
       1
       1
       3
       1
       0
       1
       3
       1
       0
       0
       0
       1
       1
       0
       0
       0
       0
       3
       0
       1
       1
       0
       0
       3
       0
       1
       0
       0
       3
       2
       2
       2
       2
       1
       1
       1
       0
       1
       3
       0
       1
       1
       0
       0
       2
       2
       2
       2
       0
       0
       0
       1
       1
       1
       3
       0
       2
       1
       4
       3
       2
       1
       0
       4
       0
       2
       1
       0
       4
       3
       3
       0
       2
       7
       2
       1
       1
       0
       1
       1
       1
       2
       1
       2
       0
       0
       0
       0
       2
       4
       0
       2
       1
       2
       1
       1
       5
       1
       2
       1
       1
       2
       3
       4
       2
       6
       3
       3
       3
       3
       5
       4
       5
       2
       1
       6
       2
       1
       3
       0
       3
       5
       4
       3
       5
       1
       8
       1
       1
       4
       5
       3
       6
       2
       3
       7
       6
       4
       4
       2
       4
       5
       5
       3
      10
       4
       4
       8
       8
       2
      11
       8
       6
       6
       4
       7
       5
       7
       9
       8
       9
       8
       7
       6
       7
       5
       5
       8
       8
      19
      11
       5
      12
       9
       5
      12
       9
      15
      17
       8
      16
      16
      22
      17
      14
       8
      13
      20
       9
      12
      11
      14
       5
      17
      20
      20
      20
      19
      17
      21
      20
      13
      16
      12
      15
      20
      28
      20
      18
       7
      14
      12
      18
      13
      14
      14
      17
      29
      21
      25
      21
      19
      14
      20
      19
      19
      18
      22
      17
      24
      15
      15
      14
      11
      14
      20
      17
      21
      14
      11
      14
      16
      14
      19
      11
      15
      12
      22
      10
       9
      20
       9
      11
       4
      18
       8
      13
      12
      12
      13
       7
       8
      16
      13
      12
       9
       9
       8
       5
       5
       3
      13
      17
       7
       8
       9
      11
       4
       7
       8
      13
       4
       6
       6
       7
       4
       5
       6
       5
       3
       2
       4
       5
       3
       9
       2
       3
       4
       3
       6
       4
       4
       4
       0
       4
       3
       3
       0
       5
       2
       3
       1
       3
       1
       3
       3
       1
       2
       1
       1
       3
       3
       1
       0
       1
       1
       1
       1
       0
       2
       2
       0
       3
       0
       1
       1
       0
       0
       1
       0
       0
       1
       2
       0
       2
       1
       0
       1
       1
       1
       0
       2
       0
       0
       0
       1
       0
       0
       0
       0
       0
       0
       0
       0
       0
       0
       0
       0
       0
       0
       0
       1
       0
       0
       0
       1
       1
       0
       0
       0
       0
       0
       1
       1
       1
       1
       1
       0
       0
       0
       0
       0
       1
       0
       0
       0
       0
       0
       0
       0
       0
       0
       0
       0
       0
       1
       0
       0
       0
       1
       0
       0
       0
       0
       1
       0
       0
       0
       0
       0
       2
       0
       1
       0
       0
       0
       0
       0
       0
       0
       1
       0
       0
       0
       1
       0
       1
       0
       0
       0
       0
       0
       0
       1
       0
       1
       0
       0
       1
       0
       0
       0
       0
       1
       0
       0
       0
       1
       0
       0
       0
       0
       1
       0
       0
       0
       0
       0
       1
       1
       0
       0
       0
       0
       0
       1
       2
       0
       0
       1
       0
       0
       0
       0
       0
       0
       0
       0
       0
       0
       1
       1
       0
       0
       0
       0
       1
       1
       0
       0
       0
       0
       0
       0
       0
       0
       0
       0
       0
       0
       0
       1
       2
       0
       0
       1
       1
       0
       1
       0
       0
       0
       1
       0
       0
       0
       0
       0
       0
       0
       0
       0
       0
       0
       0
       0
       1
       0
       0
       0
       1
       0
       0
       0
       0
       0
       0
       0
       0
       0
       0
       0
       1
       0
       1
       0
       0
       0
       0
       0
       0
       0
       0
       1
       0
       0
       0
       0
       0
       0
       1
       1
       0
       0
       0
       0
       0
       1
       0
       0
       0
       0
       1
       0
       0
       0
       0
       1
       0
       0
       0
       0
       0
       0
       0
       0
       0
       0
       0
       1
       0
       1
       0
       0
       0
       0
       0
       1
       0
       0
       0
       0
       0
       0
       0
       0
       0
       0
       0
       0
       0
       0
       0
       0
       0
       1
       0
       0
       0
       1
       0
       0
       0
       1
       0
       0
       0
       0
       0
       0
       1
       0
       0
       0
       0
       0
       0
       0
       0
       0
       0
       0
       0
       0
       0
       0
       0
       0
       0
       0
       0
       1
       0
       0
       0
       0
       0
       0
       0
       1
       0
       0
       0
       0
       0
       0
       1
       1
       2
       0
       0
       0
       0
       0
       1
       0
       0
       0
       0
       1
       2
       1
       0
       0
       0
       0
       0
       0
       1
       0
       1
       0
       1
       0
       1
       1
       0
       0
       0
       0
       0
       1
       0
       0
       0
       0
       1
       1
       0
       2
       0
       0
       0
       0
       0
       1
       0
       1
       0
       0
       0
       0
       0
       0
       0
       0
       0
       0
       0
       0
       0
       0
       0
       1
       0
       1
       0
       0
       0
       0
       0
       0
       0
       0
       0
       0
       0
       0
       0
       0
       0
       0
       0
       0
       0
       0
       0
       0
       0
       0
       0
       0
       0
       0
       0
       0
       0
       0
       0
       0
$ROI:
0
$PRESETS:
None
0
0
$ENER_FIT:
0.000000 0.376289
$MCA_CAL:
3
0.000000E+000 3.762887E-001 0.000000E+000 keV
$SHAPE_CAL:
3
1.061399E+002 0.000000E+000 0.000000E+000
