$SPEC_ID:
Scatter
$SPEC_REM:
DET# 2
DETDESC# JLAB-9 MCB 136
AP# Maestro Version 7.01
$DATE_MEA:
11/21/2022 15:34:10
$MEAS_TIM:
210 213
$DATA:
0 2047
       0
       0
       0
       0
       0
       0
       0
       0
       0
       0
       0
       0
       0
       0
       0
       0
       0
       0
       0
       0
       0
       0
       0
       0
       0
       0
       0
       0
       0
       0
       0
       0
       0
       0
       0
       0
       0
       0
       0
       0
       0
       0
       0
       0
       0
       0
       0
       0
       0
       0
       0
       0
       0
       0
       0
       0
       0
       0
       0
       0
       0
       0
       0
       0
       0
       0
       0
       0
       0
       0
       0
       0
       0
       0
       0
       0
       0
       0
       0
       0
       0
      22
      87
      98
      87
      99
      84
      94
      76
      96
     107
     100
     101
      85
      73
     101
      76
      93
      84
      83
      81
      93
      90
      82
      89
      83
     104
      93
      91
      78
      80
      82
      91
     107
      94
      88
      96
     102
     125
      96
      99
      85
      98
     122
     103
      99
      92
     113
     112
      96
     100
     117
      96
      85
      86
     107
      87
      94
      90
     102
     104
      97
     112
      93
     112
      96
     112
      92
     105
      95
      90
     102
     107
     104
     124
     104
     128
     105
     123
     113
     119
     136
     135
     130
     120
     111
     104
     117
     114
     113
     125
     141
     139
     145
     125
     116
     113
     122
     127
     126
     125
     114
     158
     138
     138
     159
     118
     127
     152
     133
     150
     147
     154
     146
     151
     179
     138
     162
     181
     178
     181
     185
     184
     175
     185
     176
     150
     149
     160
     135
     159
     167
     171
     162
     133
     139
     150
     160
     143
     160
     162
     140
     150
     182
     166
     167
     185
     169
     149
     158
     144
     189
     171
     162
     148
     161
     169
     168
     162
     141
     136
     181
     159
     168
     168
     172
     168
     156
     132
     156
     153
     162
     183
     164
     136
     130
     123
     171
     151
     150
     176
     136
     152
     163
     178
     173
     169
     159
     176
     143
     150
     144
     158
     169
     153
     164
     162
     133
     162
     162
     135
     157
     171
     167
     155
     187
     190
     149
     176
     175
     172
     171
     167
     157
     159
     170
     135
     146
     159
     164
     164
     193
     148
     157
     153
     143
     151
     177
     156
     173
     166
     163
     170
     172
     167
     147
     173
     166
     146
     154
     157
     167
     164
     126
     174
     162
     173
     180
     163
     164
     140
     171
     152
     158
     147
     143
     150
     125
     158
     151
     177
     181
     156
     164
     156
     153
     150
     156
     179
     154
     167
     146
     160
     143
     143
     149
     137
     156
     168
     166
     141
     150
     164
     178
     157
     140
     166
     134
     168
     150
     150
     158
     156
     152
     142
     145
     155
     125
     146
     148
     140
     157
     156
     140
     142
     147
     126
     168
     133
     149
     155
     131
     140
     161
     146
     138
     153
     179
     153
     144
     141
     172
     147
     152
     147
     147
     169
     147
     137
     135
     144
     183
     142
     158
     154
     158
     138
     147
     138
     134
     147
     167
     153
     131
     147
     150
     143
     168
     151
     153
     151
     139
     145
     149
     154
     148
     153
     156
     125
     159
     143
     163
     145
     145
     163
     158
     137
     140
     145
     166
     146
     139
     149
     157
     126
     149
     165
     143
     177
     154
     156
     166
     160
     148
     139
     152
     138
     170
     129
     167
     156
     158
     162
     158
     167
     154
     186
     157
     154
     148
     171
     158
     175
     156
     153
     137
     151
     152
     160
     136
     144
     163
     137
     134
     154
     169
     132
     127
     145
     131
     141
     137
     153
     155
     124
     165
     137
     132
     153
     143
     129
     157
     155
     143
     143
     131
     154
     142
     150
     142
     142
     147
     148
     137
     119
     141
     133
     135
     122
     139
     143
     155
     149
     154
     142
     145
     124
     123
     149
     131
     115
     134
     138
     142
     141
     123
     138
     113
     139
     152
     130
     140
     123
     130
     122
     134
     127
     117
     116
     118
     125
     131
     138
     110
     131
     129
     129
     109
     135
     130
     124
     126
     137
     144
     145
     110
     136
     134
     137
     116
     123
     142
     135
     121
     126
     119
     109
     133
     119
     112
     144
     122
     123
     117
     129
     122
     111
     115
     116
     138
     120
     125
     108
     143
     115
     103
     108
     106
     114
     131
     120
     133
     138
     115
     107
     103
     109
     112
     114
     125
     112
     114
     106
     114
     119
     105
     108
     115
      94
     113
     116
     109
     114
     123
     109
     119
     107
      89
     111
     123
     127
     115
     111
     105
      97
     114
      97
      98
     120
     120
     124
     123
     103
     117
     100
     118
     113
     110
     126
     111
      93
     126
      96
     119
     107
      99
     117
     100
      99
      95
      99
     118
     118
     120
     124
      99
     100
     108
      85
      91
      90
      93
     113
     101
      97
     102
      87
     113
      97
     100
      87
     101
     102
     114
     118
      99
     100
      95
     103
      99
      86
      87
     116
     110
     106
     114
      95
     109
     103
     106
      81
      98
     100
     106
      94
      97
     112
     110
     112
     111
     105
      85
     103
     115
     105
     100
      95
     111
     107
     104
      93
     109
     114
      96
     106
     106
      91
      80
     106
      95
     101
     104
     106
     108
     102
      96
     103
     100
     111
      89
      97
      99
      93
      95
      94
     103
      95
     101
     105
     103
     101
     119
     103
     112
      87
      91
      93
      87
      93
     103
      87
     105
     104
      96
      83
      91
      89
      99
     102
      93
     111
      70
      92
     101
      96
      77
      91
     119
      99
      83
     113
      87
      97
     112
      98
     110
      98
      96
      97
     102
     101
     101
     101
     102
     101
      97
      98
      85
      96
     102
      94
      90
      98
      85
      92
     100
     107
     116
     107
      97
      93
      91
      95
     105
      86
      92
      90
     117
     109
     102
      93
      97
     119
      99
     109
      90
      94
      71
      99
      97
      88
     109
     108
     102
      94
     100
     101
      92
      84
      98
     110
     121
      81
     121
      90
      90
      97
      76
     105
      96
     100
      97
      84
      98
     111
      87
     105
      94
      83
     108
      96
      94
      88
      92
      85
      96
      96
      99
      93
     101
     100
      93
      91
     110
      97
      92
      99
      91
      80
     103
      86
     109
      99
     105
      84
      98
      88
     100
      84
      89
      93
      95
     104
     100
     100
     100
      90
     105
      88
      85
      82
     102
      92
      89
     114
      97
      99
      87
      93
     107
      98
     104
      91
      88
      84
      97
      90
     103
      90
     102
      85
      85
      88
     105
      75
      74
      95
      90
     100
     113
      93
      91
      91
      82
      93
      85
     103
      86
      91
      97
      99
      95
      76
      95
     102
      98
     103
      85
     107
      89
      90
      92
      97
      95
      87
     103
      87
     104
     111
      99
      91
      80
     100
     102
      92
     100
      97
      80
      92
      97
      82
      86
      94
      75
     102
      88
      91
     107
      91
      93
      97
      89
     107
      99
      86
     100
      82
      99
      98
      99
      87
      99
      85
      97
     109
     107
      90
      85
      97
      96
      90
      80
      85
     107
      94
      96
      97
      91
      70
     109
     105
      99
      96
      96
      83
      89
     107
      87
      88
      77
      90
      70
     108
     103
      86
      85
      79
      95
      93
      70
      81
      91
      86
      91
      87
      87
      76
      86
      90
      80
     105
     100
     102
     100
      89
      82
      81
     110
     101
      92
      85
      80
      88
      94
      84
      90
     101
      88
     103
      92
     107
      99
      98
      89
     103
      90
      88
      87
      85
      99
      82
      94
      91
      80
      85
      76
      89
      83
      75
      89
      86
      85
      72
     100
      63
      76
      84
      83
      70
     103
      80
      79
      80
      74
      81
      84
      88
      62
      85
      84
      63
      83
      64
      74
      79
      68
      66
      61
      68
      63
      73
      79
      83
      83
      77
      58
      60
      59
      70
      65
      52
      55
      65
      47
      66
      70
      53
      71
      76
      63
      62
      63
      55
      63
      40
      65
      53
      58
      64
      53
      66
      62
      42
      36
      54
      58
      49
      60
      52
      47
      55
      49
      58
      50
      53
      53
      50
      52
      40
      57
      57
      47
      49
      36
      47
      55
      45
      40
      44
      44
      50
      50
      49
      33
      53
      56
      46
      38
      48
      42
      52
      47
      38
      46
      41
      32
      48
      34
      41
      44
      37
      50
      41
      49
      42
      51
      47
      40
      54
      44
      46
      48
      39
      47
      27
      42
      32
      21
      55
      36
      38
      38
      35
      44
      34
      28
      40
      33
      34
      39
      32
      32
      44
      45
      37
      32
      39
      35
      30
      37
      36
      32
      47
      40
      34
      41
      26
      23
      35
      41
      26
      29
      41
      38
      46
      30
      30
      36
      37
      40
      34
      37
      32
      38
      37
      35
      37
      22
      35
      33
      36
      34
      40
      35
      36
      37
      33
      28
      35
      45
      44
      35
      43
      31
      35
      34
      20
      39
      40
      45
      34
      24
      32
      29
      37
      26
      38
      27
      42
      28
      33
      28
      39
      24
      38
      32
      27
      32
      32
      34
      30
      40
      40
      40
      28
      27
      38
      37
      33
      26
      28
      30
      37
      38
      45
      21
      29
      28
      28
      33
      32
      36
      45
      35
      32
      37
      22
      36
      31
      44
      27
      27
      32
      30
      41
      46
      28
      37
      31
      28
      35
      36
      32
      18
      35
      26
      24
      43
      27
      30
      37
      30
      30
      25
      34
      38
      30
      32
      24
      30
      35
      36
      44
      40
      35
      27
      33
      40
      34
      32
      39
      36
      22
      42
      29
      36
      28
      37
      27
      30
      36
      36
      35
      37
      45
      38
      37
      40
      31
      35
      49
      27
      26
      22
      53
      35
      43
      30
      48
      50
      44
      45
      22
      18
      30
      36
      38
      47
      41
      44
      38
      48
      30
      44
      30
      39
      43
      42
      39
      43
      39
      51
      48
      48
      42
      34
      55
      34
      53
      36
      48
      33
      41
      47
      35
      33
      49
      49
      43
      51
      36
      49
      44
      37
      45
      50
      48
      46
      57
      40
      59
      53
      46
      55
      45
      51
      61
      61
      59
      60
      65
      65
      58
      60
      72
      54
      80
      60
      70
      62
      80
      92
      80
      68
      79
      76
      77
      77
      87
      96
      89
      88
     110
     101
     105
     113
     101
     126
     121
     111
     109
     109
     141
     117
     129
     133
     134
     136
     154
     142
     150
     146
     170
     162
     149
     181
     176
     189
     171
     188
     171
     195
     191
     177
     201
     205
     219
     202
     218
     224
     251
     251
     231
     239
     234
     288
     261
     254
     263
     297
     301
     296
     298
     280
     324
     322
     316
     333
     319
     363
     328
     345
     346
     360
     379
     346
     387
     401
     376
     387
     461
     423
     426
     398
     419
     382
     420
     449
     422
     414
     440
     434
     439
     452
     453
     463
     467
     482
     465
     437
     479
     465
     483
     488
     496
     462
     462
     501
     447
     458
     500
     515
     477
     509
     459
     493
     483
     488
     470
     455
     467
     507
     494
     445
     472
     445
     425
     479
     431
     446
     448
     411
     474
     416
     409
     402
     424
     417
     401
     388
     392
     361
     384
     352
     328
     372
     331
     326
     313
     339
     321
     270
     301
     342
     299
     290
     281
     266
     280
     244
     260
     232
     228
     254
     227
     216
     216
     205
     198
     205
     165
     203
     166
     179
     167
     173
     135
     155
     148
     135
     141
     130
     113
      99
     112
     116
     106
      92
     100
      76
      90
      94
      82
      79
      76
      67
      72
      71
      56
      66
      57
      54
      54
      46
      48
      46
      49
      45
      44
      38
      37
      40
      30
      34
      26
      34
      33
      25
      17
      19
      28
      11
      20
      10
      22
      18
      12
      17
      12
      14
       9
       6
      13
      11
       8
      10
      11
      14
       5
       9
       7
       7
       5
       8
       6
       6
       9
      11
       3
       6
       4
       8
       5
       6
      10
       1
       7
       3
       5
       8
       3
       4
       4
       3
       7
       4
       6
       7
       5
       5
       1
       4
       6
       2
       4
       8
       1
       3
       3
       4
       4
       2
       3
       5
       2
       3
       5
       2
       3
       3
       4
       3
       8
       1
       3
       7
       6
       4
       3
       6
       1
       4
       3
       4
       3
       6
       5
       0
       4
       4
       5
       2
       4
       4
       1
       6
       5
       3
       1
       1
       5
       4
       3
       2
       3
       2
       5
       3
       4
       2
       6
       6
       6
       5
       7
       3
       1
       6
       4
       4
       3
       4
       4
       4
       5
       5
       6
       3
       5
       4
       3
       3
       6
       4
       3
       3
       5
       6
       2
       8
      10
       3
       6
       2
       3
       4
       6
       5
       5
       1
       2
       4
       5
       1
       1
       1
       1
       5
       1
       6
       2
       2
       7
       7
       3
       3
       5
       5
       4
       7
       4
       3
       4
       7
       2
       4
       3
       4
       4
       2
       4
       1
       3
       1
       2
       3
       3
       2
       4
       4
       2
       2
       1
       1
       2
       2
       4
       6
       5
       3
       0
       1
       0
       1
       4
       3
       3
       2
       3
       5
       6
       2
       0
       2
       8
       1
       3
       4
       5
       1
       4
       1
       5
       2
       6
       5
       4
       4
       3
       3
       1
       2
       5
       3
       5
       5
       5
       3
       3
       2
       4
       4
       3
       2
       1
       5
       3
       2
       0
       5
       0
       1
       5
       5
       3
       7
       4
       3
       2
       4
       5
       2
       7
       4
       3
       3
       3
       0
       2
       2
       5
       4
       5
       5
       1
       8
       2
       1
       1
       3
       2
       2
       2
       5
       3
       4
       4
       5
       3
       4
       2
       2
       4
       2
       3
       2
       0
       2
       3
       3
       3
       0
       2
       2
       3
       5
       3
       2
       3
       5
       3
       2
       6
       3
       2
       2
       0
       0
       0
       0
       0
       0
       0
       0
       0
       0
       0
       0
       0
       0
       0
       0
       0
       0
       0
       0
       0
       0
       0
       0
       0
       0
       0
       0
       0
       0
       0
       0
$ROI:
0
$PRESETS:
None
0
0
$ENER_FIT:
0.000000 0.376604
$MCA_CAL:
3
0.000000E+000 3.766040E-001 0.000000E+000 keV
$SHAPE_CAL:
3
9.515098E+001 0.000000E+000 0.000000E+000
