$SPEC_ID:
Scatter
$SPEC_REM:
DET# 2
DETDESC# JLAB-9 MCB 136
AP# Maestro Version 7.01
$DATE_MEA:
11/21/2022 15:17:41
$MEAS_TIM:
73 74
$DATA:
0 2047
       0
       0
       0
       0
       0
       0
       0
       0
       0
       0
       0
       0
       0
       0
       0
       0
       0
       0
       0
       0
       0
       0
       0
       0
       0
       0
       0
       0
       0
       0
       0
       0
       0
       0
       0
       0
       0
       0
       0
       0
       0
       0
       0
       0
       0
       0
       0
       0
       0
       0
       0
       0
       0
       0
       0
       0
       0
       0
       0
       0
       0
       0
       0
       0
       0
       0
       0
       0
       0
       0
       0
       0
       0
       0
       0
       0
       0
       0
       0
       0
       0
      21
      55
      53
      52
      45
      39
      58
      65
      40
      68
      48
      56
      58
      55
      46
      42
      38
      60
      53
      46
      56
      62
      52
      48
      58
      58
      55
      54
      63
      44
      71
      61
      51
      48
      66
      72
      52
      49
      44
      57
      55
      64
      43
      48
      55
      58
      57
      46
      61
      46
      64
      49
      45
      49
      65
      69
      47
      49
      49
      51
      65
      66
      57
      59
      56
      62
      60
      62
      57
      63
      55
      64
      60
      59
      57
      56
      65
      64
      60
      60
      63
      59
      58
      59
      56
      64
      69
      63
      56
      56
      76
      55
      75
      64
      75
      72
      63
      64
      78
      84
      65
      96
      74
      62
      80
      93
      75
      83
      84
      98
      91
      89
      89
      88
      95
      73
      69
      96
      81
      90
      81
      73
      86
      88
      98
      87
      88
      97
      68
      62
      71
      74
      88
     100
      74
      85
      85
      82
      79
      77
      93
      64
      85
      78
      78
      70
      76
      76
      91
      77
      77
      82
      61
      75
      79
      69
      90
      76
      76
      69
      89
      79
      88
      71
      77
      76
      81
      72
      67
      66
      80
      76
      76
      81
      84
      71
      81
      83
      91
      73
      98
      89
      78
      66
      78
      86
      68
      79
      77
      82
      86
      70
      78
      81
      70
      77
      77
      77
      76
      84
      83
      70
      72
      80
      80
      82
      98
      80
      77
      76
      71
      82
      87
      81
      84
      84
      81
      77
      77
     100
      86
      77
      83
      81
     100
      68
      72
      87
      84
      76
      86
      81
      82
      75
      87
      76
      69
      91
     100
      71
     101
      88
      79
      63
      70
      69
      92
      80
      84
      71
      75
      76
      86
      92
      82
      93
      84
      71
      86
      82
      88
      77
      69
      66
      85
      81
      73
      90
      67
      94
      82
      77
      93
      86
      81
      90
      98
      76
      81
      89
      78
      83
      83
      88
      96
      80
      69
      93
      61
      92
      73
      66
      66
      82
      80
      96
      79
      85
      90
      73
      90
      74
      89
      82
      82
      72
      86
      78
      68
      65
      82
      67
      79
      94
      71
      96
      88
      74
      83
      83
      80
      84
      87
      78
      90
      70
      81
      87
      78
      79
      78
      82
      78
      94
      83
      84
      83
      92
      81
      84
      78
      81
      72
      65
      61
      82
      77
      74
      66
      81
      80
      82
      75
      87
      90
      80
      64
      77
      71
      85
      83
      71
      77
      87
      76
      88
      94
      91
      95
     101
      78
      87
      94
      81
     103
      96
      97
      79
      91
      97
     104
      86
      90
      82
      73
      90
      97
      82
     102
     100
      99
      75
      82
     103
      88
      86
      87
     105
      86
      79
      80
     101
      90
      93
      74
      82
     106
      91
      98
      86
      97
     103
      87
      85
      97
      73
      78
     103
      83
      81
      98
      97
      73
      99
      91
      90
      80
      93
      91
      96
      88
      65
      86
      85
      90
      99
      73
      99
      69
      90
      99
      73
      88
      82
      86
      92
      87
      84
      86
      94
      98
      83
      75
      90
      67
      78
      92
      83
      64
      93
      82
      83
      75
      95
      72
      72
      84
      75
      79
      80
      85
      72
      83
      87
      94
      87
      98
      75
      68
      88
      63
      64
      85
      88
      65
      62
      81
      76
      80
      87
      62
      95
      80
      92
      76
      71
      86
      76
      79
      78
      67
      86
      86
      90
      59
      77
      72
      74
      72
      81
      84
      83
      70
      77
      66
      71
      56
      74
      86
      76
      83
      94
      72
      82
      70
      63
      65
      65
      61
      83
      68
      63
      77
      64
      71
      60
      73
      59
      82
      93
      71
      85
      77
      63
      79
      66
      92
      79
      84
      70
      71
      66
      65
      85
      66
      83
      73
      68
      58
      67
      78
      78
      65
      66
      68
      77
      68
      62
      53
      66
      59
      62
      77
      87
      71
      79
      72
      68
      59
      71
      55
      60
      69
      61
      64
      59
      62
      64
      63
      75
      68
      79
      64
      62
      59
      77
      62
      44
      71
      69
      54
      75
      59
      47
      90
      68
      58
      52
      62
      74
      77
      73
      55
      60
      69
      76
      67
      77
      62
      61
      59
      89
      72
      64
      62
      42
      64
      62
      58
      62
      53
      58
      61
      49
      64
      60
      53
      60
      53
      65
      76
      68
      63
      55
      56
      70
      77
      55
      73
      57
      70
      57
      49
      67
      77
      62
      78
      69
      58
      55
      66
      67
      69
      72
      52
      64
      61
      62
      62
      72
      71
      53
      61
      48
      65
      60
      62
      71
      53
      68
      61
      71
      69
      53
      71
      56
      67
      52
      71
      54
      62
      66
      66
      67
      66
      59
      71
      59
      52
      68
      68
      51
      76
      68
      58
      62
      60
      55
      64
      51
      54
      58
      57
      59
      61
      62
      52
      72
      52
      49
      57
      64
      54
      72
      68
      57
      44
      68
      63
      60
      60
      62
      70
      55
      58
      60
      58
      60
      62
      65
      68
      65
      79
      59
      73
      58
      70
      61
      56
      57
      69
      62
      72
      53
      64
      60
      60
      43
      70
      60
      57
      72
      50
      65
      60
      64
      76
      57
      55
      57
      56
      70
      60
      71
      66
      58
      65
      52
      63
      64
      57
      76
      66
      70
      56
      56
      58
      50
      55
      70
      56
      52
      66
      53
      54
      60
      67
      62
      53
      55
      60
      66
      54
      55
      66
      59
      61
      65
      65
      63
      67
      61
      57
      53
      67
      57
      54
      51
      59
      53
      56
      56
      67
      60
      65
      59
      56
      62
      60
      56
      60
      67
      50
      59
      48
      65
      67
      61
      61
      58
      62
      71
      65
      54
      68
      66
      70
      58
      70
      68
      57
      54
      62
      70
      60
      77
      61
      47
      72
      65
      55
      52
      53
      60
      59
      63
      65
      53
      57
      53
      63
      64
      60
      49
      52
      65
      67
      56
      49
      60
      74
      65
      52
      68
      67
      68
      54
      56
      50
      59
      50
      55
      47
      68
      68
      51
      57
      68
      64
      64
      62
      53
      55
      69
      55
      71
      73
      70
      68
      71
      62
      48
      71
      61
      63
      75
      57
      44
      69
      58
      60
      75
      67
      67
      61
      65
      56
      74
      59
      68
      59
      49
      53
      56
      64
      66
      63
      53
      61
      63
      60
      65
      68
      59
      72
      57
      71
      62
      50
      72
      50
      57
      56
      51
      71
      64
      72
      60
      63
      66
      61
      59
      56
      54
      76
      53
      56
      55
      60
      59
      46
      65
      68
      62
      62
      55
      65
      49
      75
      53
      71
      63
      58
      64
      67
      58
      76
      54
      51
      70
      63
      60
      54
      62
      61
      56
      57
      50
      55
      57
      59
      67
      64
      66
      49
      54
      60
      58
      59
      50
      56
      66
      55
      59
      56
      57
      56
      61
      57
      45
      58
      53
      54
      50
      47
      62
      45
      44
      60
      41
      57
      50
      35
      38
      56
      44
      50
      55
      48
      50
      35
      49
      35
      46
      25
      36
      46
      54
      41
      47
      24
      42
      40
      36
      48
      24
      36
      42
      33
      32
      36
      38
      38
      40
      38
      40
      31
      47
      35
      31
      38
      40
      36
      38
      36
      29
      46
      33
      32
      39
      38
      27
      28
      35
      29
      42
      31
      26
      25
      38
      25
      39
      38
      28
      32
      27
      25
      35
      32
      34
      27
      35
      25
      33
      28
      27
      19
      22
      24
      32
      35
      25
      29
      24
      22
      38
      32
      23
      32
      23
      17
      28
      26
      29
      17
      25
      25
      28
      28
      23
      31
      36
      20
      27
      17
      16
      24
      20
      22
      21
      23
      16
      25
      19
      33
      17
      16
      28
      24
      23
      28
      26
      24
      26
      26
      24
      22
      23
      17
      22
      18
      27
      20
      16
      20
      23
      22
      15
      22
      25
      41
      26
      20
      18
      14
      18
      24
      19
      16
      22
      24
      24
      28
      22
      24
      18
      19
      22
      19
      25
      19
      16
      21
      20
      21
      20
      18
      14
      24
      23
      18
      17
      22
      15
      19
      19
      17
      30
      25
      19
      24
      20
      22
      17
      23
      17
      21
      17
      17
      15
      25
      20
      18
      22
      22
      20
      23
      24
      24
      18
      21
      21
      19
      12
      14
      18
      23
      23
      26
      24
      29
      14
      19
      16
      24
      18
      23
      27
       7
      21
      13
      13
      17
      19
      16
      24
      22
      18
      24
      19
      18
      19
      20
      13
      11
      14
      16
      26
      23
      16
      15
      20
       8
      16
      27
      13
      12
      14
      21
       5
      19
      15
      19
      17
      17
      18
      28
      19
      12
      25
      16
      23
      20
      17
      13
      16
      19
      18
      28
      19
      21
      27
      18
      18
      18
      28
      16
      23
      23
      10
      27
      24
      24
      25
      24
      27
      11
      16
      16
      17
      19
      20
      23
      27
      29
      31
      20
      25
      24
      13
      20
      25
      28
      30
      16
      28
      16
      26
      16
      23
      31
      25
      22
      17
      21
      16
      28
      22
      18
      25
      18
      15
      20
      16
      27
      18
      26
      22
      18
      27
      18
      32
      19
      19
      19
      25
      17
      26
      24
      23
      30
      32
      20
      27
      29
      29
      30
      23
      23
      37
      22
      34
      26
      22
      32
      30
      30
      31
      35
      29
      22
      39
      30
      41
      31
      35
      35
      43
      37
      48
      38
      42
      40
      39
      52
      43
      44
      67
      62
      43
      53
      52
      62
      57
      55
      53
      78
      63
      60
      68
      77
      71
      64
      64
      74
      79
      69
      86
      95
      86
      83
      98
     113
      92
     111
      90
     101
     100
     112
     119
     120
     116
     115
     119
     131
     141
     151
     158
     122
     152
     147
     151
     155
     158
     174
     167
     158
     178
     181
     162
     171
     192
     205
     186
     203
     192
     213
     229
     211
     223
     242
     218
     244
     270
     256
     234
     255
     264
     260
     290
     283
     242
     285
     285
     292
     279
     292
     324
     279
     311
     316
     285
     264
     314
     290
     300
     317
     319
     351
     347
     337
     321
     335
     337
     346
     338
     351
     362
     370
     351
     337
     347
     317
     352
     345
     363
     348
     378
     343
     350
     351
     337
     366
     343
     343
     339
     317
     310
     318
     314
     347
     321
     349
     310
     323
     343
     323
     283
     279
     269
     296
     257
     293
     318
     263
     282
     256
     282
     230
     282
     244
     237
     240
     228
     226
     238
     213
     219
     211
     188
     192
     205
     213
     188
     153
     167
     174
     194
     160
     152
     139
     164
     146
     143
     125
     143
     133
     118
     120
     111
     108
     117
     130
      91
      99
     102
      89
      82
      72
     100
      74
      67
      75
      76
      65
      66
      50
      57
      52
      57
      45
      59
      40
      47
      35
      34
      24
      28
      28
      37
      41
      34
      31
      28
      26
      19
      24
      18
      25
      16
      17
      11
      18
      16
      12
       9
      16
      13
      15
      12
      12
       8
       8
       8
       6
       7
      10
       3
       8
       7
       8
       2
       8
       4
       4
       3
       4
       2
       2
       0
       1
       1
       6
       2
       8
       3
       5
       3
       4
       4
       2
       3
       2
       3
       2
       2
       3
       3
       2
       2
       1
       5
       5
       3
       7
       4
       5
       3
       4
       0
       1
       2
       3
       3
       3
       4
       0
       2
       0
       1
       1
       3
       2
       2
       0
       1
       0
       1
       0
       4
       2
       0
       1
       3
       0
       2
       0
       2
       3
       1
       5
       2
       2
       2
       2
       6
       1
       4
       1
       2
       4
       3
       2
       0
       2
       3
       4
       6
       3
       2
       0
       1
       2
       3
       0
       1
       4
       0
       0
       0
       0
       2
       2
       1
       2
       1
       1
       0
       2
       4
       2
       2
       1
       2
       3
       1
       2
       2
       1
       4
       4
       2
       2
       1
       2
       4
       0
       2
       3
       2
       2
       2
       0
       2
       4
       3
       0
       0
       1
       2
       3
       0
       3
       0
       1
       0
       1
       4
       2
       2
       2
       0
       2
       3
       4
       1
       0
       1
       2
       2
       2
       3
       0
       0
       3
       0
       4
       1
       0
       0
       2
       3
       2
       3
       3
       0
       1
       1
       2
       2
       2
       1
       1
       1
       2
       1
       2
       0
       4
       4
       0
       1
       1
       0
       2
       1
       1
       1
       4
       1
       3
       3
       2
       1
       0
       2
       3
       1
       3
       2
       1
       1
       4
       1
       1
       3
       1
       3
       0
       5
       3
       1
       2
       1
       0
       3
       2
       0
       3
       0
       1
       2
       0
       1
       0
       1
       3
       4
       2
       2
       5
       3
       3
       2
       1
       0
       1
       0
       2
       4
       1
       0
       1
       1
       1
       1
       1
       1
       0
       0
       3
       0
       0
       3
       0
       2
       3
       1
       1
       4
       3
       2
       2
       3
       1
       1
       0
       3
       0
       1
       3
       2
       2
       1
       3
       5
       1
       1
       3
       2
       1
       1
       1
       0
       2
       0
       0
       0
       0
       0
       0
       0
       0
       0
       0
       0
       0
       0
       0
       0
       0
       0
       0
       0
       0
       0
       0
       0
       0
       0
       0
       0
       0
       0
       0
       0
       0
$ROI:
0
$PRESETS:
None
0
0
$ENER_FIT:
0.000000 0.376604
$MCA_CAL:
3
0.000000E+000 3.766040E-001 0.000000E+000 keV
$SHAPE_CAL:
3
9.515098E+001 0.000000E+000 0.000000E+000
