$SPEC_ID:
Scatter
$SPEC_REM:
DET# 2
DETDESC# JLAB-9 MCB 136
AP# Maestro Version 7.01
$DATE_MEA:
11/21/2022 15:23:48
$MEAS_TIM:
119 121
$DATA:
0 2047
       0
       0
       0
       0
       0
       0
       0
       0
       0
       0
       0
       0
       0
       0
       0
       0
       0
       0
       0
       0
       0
       0
       0
       0
       0
       0
       0
       0
       0
       0
       0
       0
       0
       0
       0
       0
       0
       0
       0
       0
       0
       0
       0
       0
       0
       0
       0
       0
       0
       0
       0
       0
       0
       0
       0
       0
       0
       0
       0
       0
       0
       0
       0
       0
       0
       0
       0
       0
       0
       0
       0
       0
       0
       0
       0
       0
       0
       0
       0
       0
       1
      13
      63
      54
      54
      52
      64
      57
      48
      49
      54
      64
      57
      63
      66
      50
      44
      50
      50
      55
      54
      53
      44
      60
      71
      53
      52
      53
      59
      49
      53
      62
      56
      58
      72
      70
      63
      70
      61
      62
      68
      65
      37
      56
      51
      54
      69
      72
      47
      66
      44
      52
      53
      51
      51
      70
      69
      69
      56
      71
      69
      66
      56
      53
      63
      75
      60
      70
      67
      50
      67
      66
      82
      66
      52
      60
      45
      60
      63
      81
      72
      73
      62
      72
      69
      64
      69
      79
      88
      85
      72
      59
      67
      69
      84
      75
      80
      88
     105
      65
      69
      78
      72
      90
      84
      90
      93
      85
     100
      94
      93
     107
      96
     122
     103
     119
      97
      94
      97
     115
     107
     110
     115
     107
     109
     120
      95
      95
     106
      86
      89
      93
      81
      95
      87
     106
     109
     103
     104
      97
     101
     101
      82
      95
      83
      91
      98
      91
     118
     116
     110
      95
      89
      88
      95
      86
     106
      88
      88
      93
     110
      87
     121
      89
     108
      95
      83
      83
     112
      91
      94
     102
      73
      96
     101
     116
      75
     107
      99
     102
      98
      86
      76
      98
      80
      97
      94
     108
      95
      98
      84
      95
      87
     109
     109
      80
     114
      91
      94
     116
     109
     102
      79
      99
      93
     110
      96
     106
      89
      96
     100
     118
      94
     102
     114
     125
      98
     103
     101
      88
      85
      93
      96
     107
      83
      88
     110
     106
     103
      87
      94
     106
      94
      96
      84
     106
      89
      83
     111
      95
      86
     108
     100
     111
      89
      98
      89
      94
     106
      92
     111
      93
     104
      91
      87
     100
     106
      83
      93
      93
     117
      92
     107
      91
      84
      98
      92
      80
     103
      89
      96
      95
      83
     101
      86
      72
     108
      94
      97
      98
      94
      93
      92
      96
      76
      91
      94
     104
      83
      86
      99
      85
      97
      70
      88
      85
      85
      91
      90
      91
     108
      95
      90
      92
     109
      84
     108
      75
      83
      85
      93
      92
      96
     106
      99
      85
      96
      91
      94
      82
      96
      99
     105
      72
     101
     103
      95
     104
      86
      88
      90
      93
      87
      91
      78
      87
      88
      83
      91
     109
     100
      94
      79
      78
      97
      97
      96
      93
      88
      75
     106
      71
      86
      84
     110
     103
      93
      80
      91
      98
      98
      81
      93
     106
      93
      91
      93
      64
     113
      98
      87
     110
     105
      79
     109
      78
      90
      85
     113
     115
      97
     103
      95
      91
      97
     108
     101
     104
      94
      86
      90
     102
     119
      86
      98
      93
      97
     101
     104
     107
      91
     107
     109
      92
     110
      86
      82
     101
     104
      85
     113
      86
      92
      89
      96
     107
     102
     106
     111
     100
      97
      99
      89
     104
      73
      92
     106
      95
      80
     104
      96
      91
      81
      99
      92
      81
      92
      97
     105
      92
     107
      92
      85
      77
      94
      90
      96
      85
     106
      72
      91
      90
      85
      81
      78
      86
      85
      94
      90
      88
     111
      97
      88
      87
      86
      75
      83
      70
      74
      73
      92
      69
      73
      57
      88
      92
      79
      90
     100
      78
      75
      93
      71
      98
      91
      81
      81
      83
      73
      77
      73
      90
      80
      89
      74
      80
      86
     102
      75
      83
      90
      75
      78
      66
      96
      69
      80
      84
      81
      59
      96
      77
      74
      73
      72
      74
      77
      79
      83
      77
      66
      70
      84
      76
      86
      75
      89
      86
      80
      80
      73
      83
      64
      79
      77
      72
      67
      93
      71
      69
      73
      66
      85
      59
      59
      67
      54
      68
      69
      86
      69
      60
      69
      78
      76
      70
      71
      72
      60
      67
      72
      70
      56
      76
      80
      76
      60
      69
      75
      74
      70
      58
      73
      64
      74
      59
      58
      79
      62
      53
      63
      68
      80
      74
      63
      57
      76
      74
      67
      62
      64
      76
      65
      53
      80
      64
      91
      71
      75
      77
      67
      62
      70
      66
      72
      61
      65
      80
      50
      76
      66
      56
      61
      64
      51
      67
      75
      61
      49
      77
      60
      59
      75
      56
      47
      66
      53
      71
      63
      74
      66
      52
      57
      65
      67
      56
      57
      49
      63
      67
      57
      66
      67
      62
      55
      67
      56
      70
      64
      49
      54
      60
      52
      62
      86
      63
      64
      47
      55
      65
      58
      64
      61
      53
      48
      56
      60
      68
      90
      65
      62
      64
      64
      72
      59
      68
      46
      84
      59
      65
      59
      58
      55
      59
      61
      71
      64
      82
      61
      70
      60
      67
      62
      60
      63
      60
      66
      52
      73
      61
      79
      55
      56
      68
      62
      65
      74
      62
      57
      56
      51
      63
      70
      59
      66
      64
      62
      49
      50
      58
      65
      60
      66
      50
      55
      75
      51
      58
      54
      73
      67
      68
      64
      65
      66
      76
      56
      58
      66
      62
      70
      57
      63
      64
      62
      65
      66
      62
      48
      51
      51
      63
      72
      57
      64
      57
      64
      58
      62
      47
      60
      57
      57
      61
      59
      57
      52
      41
      58
      56
      61
      59
      63
      52
      59
      53
      47
      50
      72
      64
      54
      64
      66
      52
      55
      74
      65
      59
      55
      58
      70
      66
      52
      63
      64
      76
      58
      54
      65
      66
      45
      56
      43
      54
      65
      48
      60
      59
      65
      63
      52
      58
      53
      71
      75
      63
      56
      61
      48
      51
      57
      59
      58
      76
      62
      60
      53
      65
      56
      67
      66
      74
      52
      64
      60
      68
      51
      54
      42
      51
      57
      57
      71
      60
      64
      58
      57
      57
      56
      61
      60
      61
      56
      67
      53
      57
      55
      56
      60
      61
      64
      63
      56
      52
      64
      59
      63
      56
      53
      62
      53
      48
      51
      43
      69
      63
      59
      57
      61
      61
      46
      55
      64
      61
      54
      52
      45
      68
      68
      60
      69
      65
      55
      63
      61
      47
      56
      55
      52
      71
      55
      61
      69
      69
      69
      62
      60
      58
      55
      54
      61
      50
      66
      52
      51
      60
      67
      48
      59
      59
      69
      57
      56
      60
      68
      60
      59
      59
      62
      61
      57
      56
      62
      67
      60
      70
      52
      56
      58
      50
      59
      56
      65
      59
      58
      73
      52
      64
      75
      74
      45
      64
      63
      55
      59
      64
      58
      46
      42
      59
      50
      72
      49
      64
      52
      70
      61
      61
      64
      43
      65
      53
      57
      44
      56
      64
      71
      56
      61
      58
      55
      61
      53
      60
      66
      52
      66
      58
      57
      54
      54
      43
      64
      41
      61
      54
      66
      55
      49
      53
      61
      71
      51
      50
      54
      56
      58
      46
      50
      52
      66
      48
      43
      49
      42
      46
      42
      50
      58
      52
      53
      44
      55
      49
      57
      53
      57
      45
      47
      55
      47
      39
      45
      36
      43
      50
      42
      42
      47
      45
      49
      43
      45
      41
      50
      35
      33
      39
      33
      46
      49
      50
      42
      48
      43
      58
      32
      32
      47
      41
      36
      46
      32
      47
      49
      34
      35
      39
      41
      35
      35
      36
      36
      32
      28
      31
      28
      35
      30
      41
      37
      27
      23
      24
      38
      35
      28
      32
      29
      32
      27
      29
      41
      28
      29
      31
      32
      33
      26
      32
      29
      26
      27
      31
      25
      25
      24
      24
      32
      35
      24
      25
      30
      25
      22
      30
      22
      25
      32
      25
      17
      32
      26
      23
      27
      26
      24
      19
      25
      19
      21
      22
      22
      29
      26
      28
      28
      31
      30
      21
      23
      37
      14
      24
      21
      27
      20
      20
      23
      19
      39
      15
      28
      25
      21
      20
      26
      22
      16
      23
      24
      17
      24
      23
      25
      21
      22
      40
      18
      17
      22
      22
      23
      25
      15
      15
      18
      22
      21
      24
      28
      19
      20
      24
      23
      18
      26
      23
      23
      19
      25
      22
      22
      22
      23
      21
      16
      27
      24
      26
      22
      24
      19
      19
      23
      17
      20
      16
      25
      17
      20
      19
      21
      23
      16
      23
      11
      23
      30
      25
      17
      17
      18
      17
      15
      13
      17
      19
      20
      19
      18
      22
      32
      14
      17
      18
      18
      12
      22
      30
      15
      27
      26
      24
      22
      20
      23
      19
      21
      16
      15
      21
      23
      24
      20
      23
      23
      17
      22
      18
      26
      18
      20
      20
      16
      14
      16
      25
      20
      21
      12
      16
      25
      14
      24
      16
      17
      19
      16
      20
      23
      20
      22
      15
      20
      11
      18
      24
      19
      24
      23
      19
      12
      19
      19
      22
      31
      14
      15
      19
      22
      23
      27
      15
      17
      25
      21
      25
      20
      15
      21
      20
      17
      21
      17
      15
      21
      26
      22
      19
      19
      17
      22
      31
      14
      19
      21
      24
      13
      22
      25
      20
      17
      13
      12
      21
      20
      22
      28
      25
      22
      16
      31
      16
      24
      24
      29
      25
      22
      18
      25
      19
      25
      28
      18
      12
      22
      23
      21
      29
      27
      23
      25
      27
      20
      23
      29
      25
      25
      25
      28
      22
      28
      23
      38
      16
      30
      27
      31
      35
      25
      20
      29
      25
      31
      25
      28
      26
      39
      25
      30
      37
      42
      45
      43
      43
      52
      43
      50
      34
      46
      45
      42
      51
      41
      50
      44
      53
      43
      47
      68
      61
      42
      62
      62
      57
      61
      72
      74
      60
      70
      74
      66
      67
      67
      81
      63
      72
      71
     103
      90
      99
      86
      96
     121
     113
      89
     118
     108
     121
     101
     116
     122
     112
     130
     119
     128
     124
     141
     147
     169
     147
     157
     142
     175
     156
     190
     179
     180
     201
     158
     199
     168
     179
     175
     194
     199
     190
     211
     198
     204
     200
     214
     243
     262
     216
     233
     253
     239
     254
     260
     287
     232
     254
     236
     299
     276
     288
     287
     272
     281
     284
     278
     309
     287
     286
     326
     291
     308
     295
     318
     306
     296
     335
     315
     327
     279
     328
     324
     354
     309
     317
     332
     309
     305
     342
     362
     323
     319
     306
     328
     319
     306
     295
     297
     317
     291
     286
     286
     270
     275
     286
     286
     295
     261
     255
     268
     283
     271
     250
     266
     221
     240
     226
     247
     247
     242
     226
     238
     205
     201
     200
     197
     207
     227
     191
     192
     219
     188
     188
     160
     153
     178
     167
     154
     134
     142
     119
     122
     119
     111
     131
     136
     119
     116
     130
     103
      83
      86
      89
     105
      91
      91
      86
      65
      64
      75
      74
      60
      63
      66
      58
      43
      60
      49
      46
      34
      43
      51
      40
      34
      36
      35
      36
      27
      23
      29
      26
      28
      19
      27
      27
      25
      18
      19
      21
      21
      21
      14
      14
      11
       9
      15
       9
      10
      11
       8
       8
       9
      16
      12
       8
      10
      10
       5
       6
       6
       5
       5
       6
       9
       8
       9
       2
       7
       3
       4
       3
       4
       4
       8
       4
       3
       5
       1
       2
       6
       4
       2
       3
       3
       6
       6
       3
       3
       3
       2
       3
       3
       1
       1
       2
       3
       2
       2
       4
       0
       2
       5
       2
       3
       1
       5
       2
       2
       3
       1
       1
       2
       1
       2
       2
       1
       1
       2
       5
       3
       0
       3
       1
       0
       4
       2
       1
       3
       2
       2
       4
       5
       2
       5
       6
       2
       2
       3
       2
       2
       0
       1
       1
       1
       2
       2
       2
       1
       3
       0
       3
       4
       1
       3
       6
       2
       3
       4
       4
       1
       5
       1
       3
       1
       0
       2
       3
       8
       2
       3
       2
       1
       1
       0
       1
       2
       5
       2
       3
       1
       4
       2
       0
       3
       1
       1
       3
       3
       2
       2
       2
       0
       3
       5
       0
       1
       0
       3
       0
       4
       4
       1
       3
       2
       2
       1
       1
       0
       5
       2
       5
       1
       3
       3
       3
       2
       1
       6
       0
       1
       1
       1
       2
       3
       2
       3
       0
       4
       2
       0
       3
       3
       0
       2
       2
       3
       2
       2
       1
       1
       2
       6
       3
       3
       3
       2
       4
       0
       0
       1
       1
       1
       2
       2
       3
       3
       1
       4
       2
       0
       2
       0
       4
       1
       4
       2
       2
       3
       1
       2
       0
       0
       2
       1
       2
       4
       0
       4
       1
       4
       2
       2
       3
       3
       0
       4
       0
       1
       3
       4
       0
       4
       3
       2
       1
       0
       1
       1
       1
       0
       4
       1
       1
       5
       2
       1
       3
       1
       0
       3
       1
       1
       2
       4
       2
       5
       2
       2
       1
       3
       1
       2
       3
       4
       2
       2
       0
       0
       3
       2
       1
       2
       0
       3
       1
       0
       3
       3
       1
       1
       2
       4
       0
       1
       0
       3
       2
       1
       1
       2
       3
       3
       1
       2
       3
       6
       5
       2
       0
       0
       0
       0
       0
       0
       0
       0
       0
       0
       0
       0
       0
       0
       0
       0
       0
       0
       0
       0
       0
       0
       0
       0
       0
       0
       0
       0
       0
       0
       0
       0
       0
$ROI:
0
$PRESETS:
None
0
0
$ENER_FIT:
0.000000 0.376604
$MCA_CAL:
3
0.000000E+000 3.766040E-001 0.000000E+000 keV
$SHAPE_CAL:
3
9.515098E+001 0.000000E+000 0.000000E+000
