$SPEC_ID:
Scatter
$SPEC_REM:
DET# 2
DETDESC# JLAB-9 MCB 136
AP# Maestro Version 7.01
$DATE_MEA:
11/21/2022 15:30:12
$MEAS_TIM:
128 130
$DATA:
0 2047
       0
       0
       0
       0
       0
       0
       0
       0
       0
       0
       0
       0
       0
       0
       0
       0
       0
       0
       0
       0
       0
       0
       0
       0
       0
       0
       0
       0
       0
       0
       0
       0
       0
       0
       0
       0
       0
       0
       0
       0
       0
       0
       0
       0
       0
       0
       0
       0
       0
       0
       0
       0
       0
       0
       0
       0
       0
       0
       0
       0
       0
       0
       0
       0
       0
       0
       0
       0
       0
       0
       0
       0
       0
       0
       0
       0
       0
       0
       0
       0
       0
      29
      80
      82
      86
      84
      71
      83
      94
      83
      89
      61
      66
      67
      89
      79
      87
      81
      77
      71
      77
      72
      68
      79
      76
      81
      89
      88
      66
      78
      91
      81
      89
      82
      81
      75
      76
      91
      82
      73
      84
      81
      67
      83
      76
      87
      74
      84
      65
      74
      62
      81
      93
      79
      73
      70
      78
      91
     104
      83
     105
      77
      88
      84
      70
      84
      89
      78
      83
      81
      82
      95
      93
      91
      84
      87
      94
      88
      81
      93
      97
     107
      95
     101
      85
      88
     100
      86
      88
     106
      91
      94
     117
     102
      99
     103
     116
      90
     102
     101
      98
      98
     118
     112
     118
     100
     114
     106
     104
     127
     139
     130
     129
     116
     136
     121
     106
      99
     138
     115
     129
     125
     129
     138
     128
     133
     127
     148
     142
     108
     129
     113
     121
     123
     136
     140
     126
     130
     119
     125
     118
     125
     130
     103
     118
     126
     116
     129
     125
     104
     123
      88
     117
     119
     103
     128
     116
     128
     107
     100
     122
     112
     124
     109
     111
     121
     101
     126
     118
     123
     134
     126
     111
     118
     103
     107
      85
     125
     119
     127
     129
     115
     118
     133
     132
     121
     133
     139
     125
     130
     118
     115
     115
     125
     102
     115
     132
     118
     121
     127
     120
      95
     122
     117
     142
     109
     109
     127
     131
     130
     121
     116
     120
     121
     129
     122
     119
      97
     125
     108
     121
     113
     110
     108
     120
     119
     135
     121
     121
     114
     104
     130
     128
     121
     133
     127
     128
     110
     133
     134
     145
     139
     109
     122
     113
     116
      93
     110
     106
     109
     139
     136
     122
     115
     105
     114
     120
     109
     114
     123
     108
     107
     105
     127
     117
     115
     117
     120
     109
     116
     109
     121
     119
     129
     131
     140
     115
     123
     117
     118
     103
     120
     117
     131
     122
     109
      95
     119
     105
     123
      98
     113
     106
     109
     122
     121
      99
      89
     116
     115
     111
     133
      99
     120
     123
     127
     108
     109
     124
     127
     105
     113
     105
      98
     110
     110
     113
     105
     115
     104
     112
     111
     134
     131
     110
     116
     127
     123
     125
     113
     121
     107
     102
     110
     100
     123
     121
     126
     112
     102
     107
     126
     108
     100
     122
     108
     106
     135
     108
     119
     122
     110
     122
     117
     108
     120
     135
     113
     114
     121
     122
     116
     107
     120
     120
     116
     123
     139
     130
     145
     144
     121
     127
     141
     117
     108
     132
     122
     122
     134
     141
     111
     115
     122
     131
     135
     115
     125
     111
     141
     139
     152
     130
     143
     131
     123
     123
     131
     148
     144
     143
     112
     147
     126
     130
     121
     127
     125
     146
     127
     110
      99
     134
     124
     134
     130
     127
     118
     118
     131
     116
     148
     132
     104
     118
     127
     125
     130
     108
     132
     135
     123
     130
     120
     121
     145
     135
     117
     117
     114
     120
     136
     118
     126
     127
     118
     128
     118
     122
     119
     132
     110
     132
     117
     126
      98
     113
     115
     118
     104
     120
      84
     104
     110
     125
     112
     117
     113
      99
     115
     100
     114
     112
      99
     118
     129
     131
     103
     124
     105
     103
     122
     110
     113
     110
     118
     115
     110
     123
     125
     117
     102
      98
     113
     108
     119
      94
     117
      90
     100
     104
     121
      96
     117
      87
      99
     122
     113
      86
     105
     105
     103
      95
     115
      89
     124
     120
     101
      96
     108
     107
     101
     110
     108
     106
     100
     108
     100
     100
      99
     100
      97
      86
      93
     100
     119
     113
      99
      97
     107
      94
     106
      98
      97
     102
     105
     122
      95
      88
      91
      89
      94
     116
     104
      88
      92
     106
     112
      86
     117
      88
     103
      99
      74
     106
      93
      76
      93
      92
      77
      87
      94
      81
      81
      83
      97
      86
      75
      88
      87
      95
     107
     107
      99
      93
      68
     103
      94
     104
      94
      85
      80
      91
      83
      91
      77
      88
     110
      87
      81
     100
      81
      76
      90
      97
     101
      81
      73
      86
      82
      91
      89
      88
     108
      91
      74
     113
      99
     103
      73
      92
      97
     100
     113
      97
      91
      93
     109
      94
      98
      83
      96
      93
      98
     113
      90
      80
      90
      95
      73
      94
      90
      96
     109
      89
     103
      70
     112
      81
      98
      88
      80
      88
     100
      91
     100
      88
      91
      89
      83
      76
      88
      78
      77
      77
      98
      90
      71
      76
      81
      75
      95
     101
      76
      72
      86
      95
      71
      89
      80
      92
     111
      98
      86
      81
      90
      83
      89
      86
      85
      79
      97
      95
     103
      96
      89
      85
      79
      85
      92
      94
      91
      83
      97
      91
      81
     100
      96
      82
      84
      74
      80
      74
      94
      90
      86
     101
      74
      73
      81
      86
      79
      83
      85
      75
      76
      70
      96
      79
      97
      74
      89
      72
      76
     102
      72
      74
      82
      81
      91
      82
      93
      73
      75
      79
     105
      98
      86
      89
      84
      88
     111
      80
      93
      85
      94
      80
      89
      85
      73
      90
      84
     100
      92
      65
      96
      87
      73
      86
      77
      67
      86
      85
      82
      83
      75
      77
      82
      83
      87
      65
      90
      79
      74
     100
      61
      87
      89
      94
      80
      83
      93
      81
      73
      82
      85
      68
      92
      95
      80
      83
      80
      89
      69
      75
      78
      94
      85
      79
      99
      82
      79
      85
      64
      83
      86
      84
      84
      87
      77
      77
      98
      93
      72
      69
      72
      90
      85
      68
      79
      96
      86
      85
      83
      92
      96
      82
      92
      79
      81
      80
      74
      84
      87
      77
      98
     112
      86
      78
      93
      84
      95
      87
      79
      82
      83
      87
      83
      87
      68
      80
      90
      73
      77
      91
      96
      78
      72
      95
      77
      78
      87
      74
      89
      96
      91
      72
      78
      82
      78
      84
      79
      86
      67
      89
      93
      88
      73
      91
      78
     103
      93
      72
      96
      79
      71
      83
      71
      86
      83
      83
      64
      89
      67
      79
      87
      69
      82
      80
      78
      91
      85
      75
      88
      84
      80
      76
      76
      87
      92
      76
      98
      81
      88
      77
     104
      91
      88
      87
      78
      92
      77
     103
      98
      78
      82
      82
      84
      86
      90
      84
      97
      83
      88
      76
      85
      85
      85
      91
     100
      69
      80
      90
      74
      98
      73
      83
      88
      81
      96
      78
      95
      80
      78
      88
      93
      80
      92
      71
      87
      66
      78
      75
      93
      70
      60
      71
      73
     107
      76
      91
      86
      82
      95
      74
      86
      97
      75
      77
      91
      88
      90
      79
      81
      77
      95
      60
      74
      89
      86
      80
      77
      73
      87
      77
      84
      82
      86
      74
      70
      92
      85
      59
      59
      87
      76
      98
      84
      52
      77
      61
      78
      65
      80
      75
      65
      66
      80
      60
      58
      70
      65
      73
      53
      62
      61
      94
      69
      54
      53
      63
      54
      50
      67
      64
      67
      63
      69
      54
      65
      57
      62
      52
      53
      52
      53
      58
      51
      54
      47
      49
      55
      58
      55
      37
      50
      39
      54
      40
      48
      50
      40
      41
      39
      48
      48
      45
      38
      37
      46
      49
      46
      46
      48
      40
      47
      48
      47
      48
      35
      39
      30
      39
      33
      39
      44
      44
      43
      45
      41
      45
      35
      36
      36
      39
      32
      48
      42
      37
      36
      38
      48
      34
      35
      39
      37
      41
      28
      37
      35
      38
      44
      46
      40
      33
      46
      37
      33
      38
      34
      39
      29
      34
      24
      30
      37
      35
      34
      29
      28
      33
      31
      34
      26
      32
      42
      32
      40
      32
      35
      30
      27
      36
      31
      22
      38
      29
      40
      36
      31
      31
      27
      36
      31
      37
      30
      28
      31
      23
      34
      37
      31
      27
      24
      22
      28
      31
      27
      26
      31
      28
      38
      32
      20
      33
      28
      37
      31
      22
      35
      32
      30
      24
      26
      26
      32
      31
      33
      25
      28
      29
      38
      29
      30
      24
      25
      24
      31
      21
      25
      27
      30
      25
      27
      25
      40
      24
      26
      23
      26
      35
      32
      33
      27
      29
      27
      28
      39
      27
      34
      35
      37
      27
      25
      25
      26
      22
      25
      23
      35
      28
      28
      25
      32
      20
      34
      24
      30
      25
      21
      33
      25
      28
      24
      33
      33
      19
      34
      28
      25
      24
      32
      24
      26
      24
      31
      36
      32
      24
      28
      19
      29
      32
      24
      24
      14
      27
      28
      30
      36
      29
      22
      24
      23
      28
      22
      25
      32
      28
      21
      30
      23
      33
      30
      41
      30
      39
      36
      36
      35
      29
      33
      27
      22
      22
      32
      27
      30
      33
      26
      30
      30
      37
      34
      33
      39
      31
      28
      30
      24
      34
      30
      29
      37
      33
      31
      35
      27
      34
      37
      33
      36
      36
      21
      32
      26
      27
      29
      28
      20
      37
      31
      26
      29
      33
      36
      30
      21
      45
      42
      21
      31
      33
      33
      30
      46
      31
      36
      30
      32
      38
      40
      45
      34
      40
      40
      36
      37
      47
      35
      45
      35
      39
      42
      37
      46
      48
      39
      38
      48
      42
      45
      45
      44
      53
      47
      49
      53
      50
      54
      55
      60
      53
      57
      63
      41
      49
      48
      69
      60
      47
      61
      62
      64
      64
      91
      72
      75
      83
      98
      81
      74
      86
      88
      87
     107
      98
      96
      83
     101
     103
      99
     118
     111
     112
     120
     135
     143
     129
     132
     145
     143
     141
     145
     137
     147
     153
     158
     158
     170
     191
     192
     211
     184
     210
     184
     212
     210
     221
     218
     234
     232
     251
     256
     254
     240
     281
     267
     266
     279
     275
     284
     300
     285
     324
     323
     314
     325
     313
     340
     366
     342
     313
     336
     300
     350
     357
     366
     393
     413
     398
     381
     402
     420
     439
     398
     428
     404
     425
     425
     427
     453
     446
     476
     448
     424
     427
     433
     453
     451
     499
     482
     515
     487
     491
     497
     467
     509
     465
     537
     472
     511
     488
     512
     500
     503
     457
     462
     479
     474
     467
     452
     466
     454
     456
     434
     440
     472
     422
     445
     451
     440
     446
     396
     384
     398
     418
     358
     380
     361
     338
     368
     337
     357
     377
     324
     314
     362
     306
     296
     321
     312
     304
     305
     279
     278
     282
     277
     264
     262
     268
     247
     232
     261
     223
     211
     213
     219
     210
     164
     195
     181
     179
     168
     187
     146
     147
     137
     149
     137
     137
     137
     124
     124
     118
      94
     108
      98
      99
      91
      90
      76
      82
      82
      81
      73
      73
      69
      56
      67
      55
      56
      51
      59
      36
      50
      41
      40
      46
      41
      34
      32
      40
      37
      38
      24
      31
      19
      16
      22
      23
      22
      28
      13
      19
      13
      16
      19
      13
      19
      11
      11
      12
       8
       9
       5
       8
       6
       6
       7
       6
       3
       9
       5
       5
       3
       7
       1
      11
       4
       4
       5
       4
       5
       5
       3
       3
       6
       6
       3
       4
       1
       5
       4
       1
       5
       6
       2
       0
       1
       3
       5
       2
       2
       4
       4
       6
       4
       6
       1
       1
       2
       1
       4
       3
       5
       4
       3
       1
       1
       5
       1
       1
       4
       1
       2
       5
       1
       3
       2
       2
       3
       2
       1
       3
       2
       4
       3
       2
       6
       0
       2
       4
       5
       4
       0
       3
       4
       3
       3
       4
       8
       1
       4
       4
       0
       2
       1
       0
       0
       3
       0
       5
       2
       2
       2
       0
       3
       2
       2
       5
       1
       2
       6
       2
       2
       3
       4
       1
       2
       3
       2
       1
       2
       2
       2
       2
       1
       3
       5
       4
       3
       2
       0
       2
       2
       4
       2
       5
       2
       2
       1
       1
       0
       4
       6
       0
       4
       3
       5
       1
       3
       2
       2
       3
       1
       3
       0
       3
       2
       2
       2
       1
       1
       3
       3
       1
       2
       2
       2
       1
       2
       0
       3
       1
       3
       4
       3
       2
       1
       2
       4
       0
       3
       2
       6
       4
       1
       2
       1
       4
       2
       0
       4
       3
       3
       0
       2
       2
       2
       1
       4
       2
       4
       3
       2
       2
       1
       4
       2
       3
       2
       2
       2
       2
       1
       3
       1
       1
       0
       1
       4
       6
       1
       2
       3
       3
       2
       4
       3
       0
       2
       1
       3
       2
       4
       1
       1
       3
       2
       1
       0
       2
       2
       2
       1
       1
       2
       1
       5
       3
       2
       2
       4
       2
       1
       3
       4
       5
       0
       4
       1
       5
       3
       1
       3
       4
       3
       4
       1
       1
       1
       2
       2
       3
       1
       4
       1
       1
       4
       2
       4
       1
       4
       2
       2
       3
       2
       4
       1
       2
       2
       1
       2
       0
       2
       1
       0
       2
       1
       0
       4
       3
       3
       2
       0
       0
       0
       0
       0
       0
       0
       0
       0
       0
       0
       0
       0
       0
       0
       0
       0
       0
       0
       0
       0
       0
       0
       0
       0
       0
       0
       0
       0
       0
       0
       0
       0
$ROI:
0
$PRESETS:
None
0
0
$ENER_FIT:
0.000000 0.376604
$MCA_CAL:
3
0.000000E+000 3.766040E-001 0.000000E+000 keV
$SHAPE_CAL:
3
9.515098E+001 0.000000E+000 0.000000E+000
