$SPEC_ID:
Scatter
$SPEC_REM:
DET# 2
DETDESC# JLAB-9 MCB 136
AP# Maestro Version 7.01
$DATE_MEA:
11/21/2022 15:20:13
$MEAS_TIM:
161 164
$DATA:
0 2047
       0
       0
       0
       0
       0
       0
       0
       0
       0
       0
       0
       0
       0
       0
       0
       0
       0
       0
       0
       0
       0
       0
       0
       0
       0
       0
       0
       0
       0
       0
       0
       0
       0
       0
       0
       0
       0
       0
       0
       0
       0
       0
       0
       0
       0
       0
       0
       0
       0
       0
       0
       0
       0
       0
       0
       0
       0
       0
       0
       0
       0
       0
       0
       0
       0
       0
       0
       0
       0
       0
       0
       0
       0
       0
       0
       0
       0
       0
       0
       0
       0
      33
      94
     121
     105
     103
     105
     124
     128
     118
     144
     109
     110
     108
      99
     129
     117
     104
     121
     117
     122
     118
     125
      88
     129
     130
     121
     115
     109
     104
      96
     136
     109
     115
     121
     130
     114
     111
     126
     112
     139
     120
     132
     114
     122
     145
     128
     132
     120
     146
     145
     128
     137
     125
     145
     161
     113
     120
     141
     129
     130
     112
     129
     129
     125
     144
     126
     122
     136
     127
     128
     151
     129
     136
     124
     131
     150
     141
     157
     128
     116
     138
     124
     131
     131
     132
     144
     132
     152
     139
     133
     138
     141
     128
     168
     158
     141
     145
     156
     168
     156
     153
     144
     136
     167
     161
     160
     171
     171
     176
     176
     160
     169
     184
     162
     172
     204
     181
     186
     198
     180
     199
     192
     122
     180
     188
     176
     173
     188
     203
     211
     182
     174
     174
     154
     171
     200
     190
     184
     175
     163
     158
     176
     182
     175
     199
     185
     184
     167
     178
     148
     164
     170
     156
     181
     171
     181
     157
     158
     165
     178
     181
     158
     157
     143
     163
     195
     175
     183
     177
     176
     178
     165
     147
     186
     162
     158
     162
     171
     171
     170
     167
     157
     155
     141
     178
     152
     174
     182
     186
     178
     172
     156
     167
     181
     172
     169
     179
     191
     176
     153
     185
     168
     158
     152
     173
     167
     160
     176
     177
     165
     169
     177
     170
     175
     187
     183
     189
     164
     166
     172
     185
     169
     168
     166
     168
     153
     179
     167
     192
     169
     159
     187
     180
     166
     183
     169
     174
     178
     175
     176
     189
     173
     175
     171
     166
     169
     170
     202
     177
     185
     148
     176
     189
     181
     180
     166
     174
     175
     168
     188
     172
     193
     168
     168
     155
     164
     169
     182
     165
     190
     168
     186
     183
     186
     185
     168
     182
     183
     154
     165
     172
     153
     178
     165
     189
     165
     164
     186
     158
     198
     170
     190
     157
     160
     163
     189
     166
     176
     173
     161
     163
     168
     163
     170
     170
     185
     179
     192
     201
     181
     165
     180
     178
     166
     143
     173
     171
     168
     195
     156
     159
     186
     173
     201
     154
     174
     170
     160
     152
     168
     152
     170
     162
     164
     169
     170
     170
     192
     198
     180
     195
     185
     183
     185
     152
     171
     212
     157
     188
     178
     173
     180
     193
     202
     186
     167
     191
     191
     185
     174
     178
     174
     197
     197
     200
     193
     203
     174
     154
     159
     182
     180
     185
     188
     201
     182
     190
     172
     199
     186
     164
     190
     185
     205
     189
     187
     205
     216
     213
     209
     192
     193
     215
     181
     208
     200
     177
     232
     188
     205
     200
     181
     178
     219
     203
     171
     203
     217
     202
     208
     214
     202
     224
     173
     181
     216
     222
     199
     211
     193
     199
     202
     191
     205
     212
     160
     169
     186
     196
     168
     162
     166
     199
     159
     188
     164
     191
     183
     179
     204
     191
     187
     168
     192
     183
     207
     154
     184
     182
     175
     175
     164
     183
     176
     164
     157
     188
     183
     162
     173
     179
     189
     156
     169
     160
     175
     182
     195
     177
     166
     155
     179
     170
     200
     169
     177
     169
     171
     193
     170
     176
     170
     167
     142
     179
     152
     177
     166
     175
     195
     170
     196
     166
     158
     162
     163
     141
     162
     143
     187
     163
     171
     141
     185
     179
     176
     157
     162
     175
     157
     157
     144
     143
     166
     163
     158
     169
     161
     152
     149
     161
     154
     174
     155
     142
     156
     155
     166
     160
     165
     160
     150
     151
     171
     152
     128
     155
     168
     153
     156
     151
     143
     163
     166
     156
     149
     143
     148
     124
     162
     163
     153
     155
     148
     151
     141
     149
     148
     145
     137
     146
     156
     119
     142
     160
     169
     167
     149
     147
     164
     135
     146
     153
     147
     160
     141
     138
     131
     162
     134
     143
     166
     159
     137
     156
     149
     137
     141
     137
     135
     162
     160
     130
     133
     140
     139
     143
     140
     145
     130
     144
     157
     132
     127
     147
     139
     140
     145
     128
     153
     135
     147
     137
     133
     132
     132
     151
     151
     124
     170
     137
     129
     137
     138
     148
     144
     129
     128
     132
     107
     127
     139
     134
     140
     131
     149
     138
     127
     140
     137
     136
     117
     137
     146
     125
     128
     137
     118
     131
     152
     143
     135
     131
     112
     133
     115
     136
     131
     121
     144
     151
     142
     129
     138
     115
     147
     137
     142
     135
     131
     117
     128
     135
     124
     148
     140
     132
     131
     131
     146
     133
     146
     134
     120
     126
     117
     118
     124
     143
     138
     106
     151
     123
     133
     138
     112
     130
     142
     142
     130
     132
     134
     144
     127
     131
     111
     119
     132
     121
     135
     133
     132
     141
     114
     123
     118
     160
     120
     144
     135
     137
     128
     148
     140
     129
     138
     156
     138
     137
     103
     117
     158
     114
     113
     125
     127
     134
     148
     121
     129
     127
     133
     133
     127
     121
     149
     118
     147
     122
     119
     111
     116
     148
     133
     121
     144
     140
     139
     119
     136
     147
     128
     129
     141
     102
     155
     133
     118
     128
     120
     148
     130
     127
     144
     119
     136
     134
     105
     132
     116
     122
     144
     131
     125
     125
     153
     111
     124
     119
     135
     122
     124
     133
     118
     124
     140
     134
     114
     121
     139
     133
     128
     130
     129
     129
     144
     124
     125
     130
     111
     120
     110
     135
     118
     130
     132
     130
     121
     125
     143
     134
     128
     122
     130
     119
     112
     132
     117
     132
     123
     122
     124
     122
     149
     138
     109
     122
     148
     121
     137
     143
     126
     122
     117
     133
     130
     118
     142
     113
     126
     114
     143
     130
     125
     112
     128
     135
     109
     139
     150
     157
     117
     123
     126
     151
     142
     115
     125
     114
     147
     114
     145
     134
     160
     134
     131
     131
     141
     124
     137
     135
     141
     137
     133
     111
     121
     125
     134
     122
     143
     124
     139
     112
     139
     131
     133
     140
     140
     136
     125
     115
     124
     131
     131
     129
     124
     138
     137
     128
     143
     140
     139
     133
     114
     115
     130
     143
     137
     138
     149
     154
     159
     122
     133
     133
     147
     135
     127
     126
     151
     121
     132
     159
     132
     124
     127
     127
     128
     131
     126
     139
     138
     143
     146
     125
     141
     134
     143
     129
     134
     158
     139
     147
     135
     134
     127
     131
     128
     117
     126
     145
     147
     152
     126
     122
     109
     122
     133
     127
     132
     131
     146
     140
     128
     147
     145
     137
     132
     125
     113
     136
     143
     121
     134
     129
     117
     134
     150
     132
     126
     134
     100
     116
     149
     139
     129
     119
     143
     127
     113
     131
     115
     107
     111
     121
     115
     115
     122
     107
     119
     113
     135
     109
     123
     111
     105
     107
     113
     100
     110
     106
      94
     120
     108
     110
     118
      96
     121
     103
     121
     119
      93
      93
     101
     114
     104
      98
     113
      97
     115
     104
      99
      93
     117
      83
      93
     102
      85
      78
      92
      64
      91
      97
      92
      94
      84
      93
      80
      86
      92
      62
      81
      88
      80
      87
      90
      85
      69
      82
      72
      80
      75
      88
      80
      69
      67
      61
      65
      83
      55
      68
      68
      65
      69
      73
      58
      77
      64
      64
      72
      62
      67
      67
      72
      53
      80
      66
      55
      66
      55
      85
      53
      59
      68
      73
      57
      57
      61
      63
      53
      55
      61
      78
      60
      52
      57
      58
      51
      50
      61
      52
      46
      62
      54
      54
      49
      56
      57
      50
      54
      44
      52
      49
      64
      54
      70
      44
      49
      61
      61
      59
      37
      46
      56
      49
      47
      55
      48
      46
      39
      49
      37
      41
      40
      43
      60
      59
      49
      46
      48
      53
      40
      52
      60
      47
      58
      46
      48
      40
      63
      54
      53
      57
      35
      45
      38
      42
      48
      43
      50
      42
      45
      44
      47
      49
      46
      27
      47
      54
      54
      51
      32
      45
      39
      52
      25
      45
      45
      52
      44
      40
      40
      43
      49
      42
      38
      26
      37
      33
      52
      44
      49
      35
      33
      48
      48
      46
      39
      36
      57
      32
      43
      43
      38
      44
      31
      40
      53
      50
      31
      51
      31
      36
      37
      43
      49
      44
      51
      48
      33
      41
      34
      49
      37
      38
      49
      44
      46
      40
      38
      43
      40
      35
      35
      41
      48
      35
      48
      41
      37
      43
      33
      43
      41
      50
      37
      42
      51
      51
      34
      38
      43
      52
      50
      50
      33
      30
      37
      34
      37
      38
      44
      37
      39
      42
      28
      39
      42
      49
      43
      36
      38
      39
      42
      41
      38
      45
      44
      29
      47
      37
      39
      42
      44
      46
      45
      51
      31
      44
      53
      38
      41
      44
      41
      45
      33
      38
      50
      55
      43
      52
      37
      44
      52
      43
      40
      47
      44
      46
      54
      44
      36
      48
      57
      48
      53
      36
      53
      52
      43
      35
      39
      62
      53
      49
      56
      40
      50
      44
      51
      57
      50
      52
      47
      48
      44
      57
      57
      39
      48
      56
      48
      56
      54
      44
      57
      59
      59
      50
      65
      59
      54
      50
      69
      52
      58
      52
      65
      68
      62
      72
      64
      61
      74
      58
      80
      85
      80
      79
      76
      73
      74
      80
      89
      81
     101
      93
      89
      78
      80
      99
      96
     102
      82
     113
      98
     131
     105
     126
     132
     122
     138
     120
     127
     115
     152
     129
     137
     143
     158
     146
     179
     165
     179
     172
     186
     194
     177
     226
     185
     240
     195
     223
     214
     228
     226
     232
     256
     259
     267
     289
     292
     293
     280
     300
     270
     296
     328
     321
     339
     385
     327
     359
     365
     379
     412
     383
     427
     415
     423
     426
     501
     453
     496
     441
     504
     465
     480
     484
     520
     543
     511
     544
     537
     573
     598
     583
     542
     619
     618
     688
     614
     650
     641
     638
     644
     632
     637
     726
     721
     718
     666
     688
     686
     741
     740
     742
     720
     752
     673
     718
     750
     717
     792
     739
     712
     755
     757
     745
     743
     764
     764
     751
     699
     727
     730
     765
     733
     784
     782
     750
     778
     739
     724
     775
     710
     719
     700
     686
     726
     715
     730
     633
     653
     614
     657
     649
     647
     628
     614
     626
     575
     626
     620
     574
     600
     584
     560
     507
     521
     460
     494
     515
     467
     451
     460
     478
     452
     457
     409
     417
     421
     362
     353
     353
     363
     358
     337
     308
     308
     306
     295
     286
     278
     282
     287
     258
     251
     230
     233
     220
     222
     210
     205
     189
     166
     181
     170
     167
     154
     156
     149
     113
     140
     139
     118
     115
     123
      93
     100
      99
      93
      83
      85
      92
      62
      57
      72
      62
      65
      62
      48
      45
      57
      43
      41
      44
      41
      34
      41
      34
      28
      33
      28
      34
      27
      29
      27
      15
      15
      25
      13
      18
      17
      17
      17
      19
      16
       8
      14
      11
       5
      12
      14
      10
      12
      11
       6
       6
      12
       9
       7
       4
       8
       5
       9
       7
       2
       3
       5
       1
       2
       5
       6
       8
       5
       5
       7
       6
       9
       3
       3
       5
       3
       7
       5
       7
       6
       4
       3
       3
       2
       7
       5
       4
       7
       3
       5
       3
       2
       5
       5
       6
       2
       4
       7
       7
       1
       2
       5
       6
       4
       6
       6
       4
       4
       3
       4
       5
       7
       4
       6
       3
       2
       0
       1
       5
       4
       3
       3
       4
       3
       2
       4
       2
       5
       6
       4
       6
       2
       5
       7
       1
       4
       2
       3
       1
       3
       3
       6
       4
       4
       6
       6
       1
      10
       4
       5
       6
       2
       3
       9
       7
       5
       2
       2
       3
       2
       8
       2
       4
       1
       1
       4
       5
       0
       3
       2
       1
       5
       5
       2
       4
      10
       8
       6
       3
       0
       3
       4
       2
       1
       5
       4
       4
       3
       3
       5
       4
       4
      10
       8
       1
       5
       2
       4
       1
       5
       1
       3
       6
       9
       2
       4
       7
       6
       1
       2
       3
       3
       4
       2
       4
       3
       2
       5
       5
       2
       2
       2
       7
       5
       3
       6
       3
       4
       2
       2
       4
       3
       4
       5
       4
       5
       2
       3
       6
       3
       5
       3
       1
       4
       3
       6
       2
       3
       3
       3
       0
       3
       3
       5
       2
       4
       6
       2
       2
       2
       5
       3
       4
       3
       5
       2
       1
       3
       2
       3
       2
       0
       6
       4
       3
       4
       4
       4
       5
       2
       4
       4
       6
       2
       2
       3
       3
       3
       2
       5
       3
       2
       6
       4
       5
       0
       0
       5
       3
       3
       5
       0
       1
       0
       1
       4
       3
       1
       1
       2
       3
       2
       3
       3
       1
       5
       1
       4
       3
       3
       5
       2
       6
       3
       1
       1
       1
       1
       1
       3
       3
       1
       6
       5
       0
       1
       3
       0
       0
       0
       0
       0
       0
       0
       0
       0
       0
       0
       0
       0
       0
       0
       0
       0
       0
       0
       0
       0
       0
       0
       0
       0
       0
       0
       0
       0
       0
       0
       0
$ROI:
0
$PRESETS:
None
0
0
$ENER_FIT:
0.000000 0.376604
$MCA_CAL:
3
0.000000E+000 3.766040E-001 0.000000E+000 keV
$SHAPE_CAL:
3
9.515098E+001 0.000000E+000 0.000000E+000
