$SPEC_ID:
Scatter
$SPEC_REM:
DET# 2
DETDESC# JLAB-9 MCB 136
AP# Maestro Version 7.01
$DATE_MEA:
11/21/2022 15:38:29
$MEAS_TIM:
177 179
$DATA:
0 2047
       0
       0
       0
       0
       0
       0
       0
       0
       0
       0
       0
       0
       0
       0
       0
       0
       0
       0
       0
       0
       0
       0
       0
       0
       0
       0
       0
       0
       0
       0
       0
       0
       0
       0
       0
       0
       0
       0
       0
       0
       0
       0
       0
       0
       0
       0
       0
       0
       0
       0
       0
       0
       0
       0
       0
       0
       0
       0
       0
       0
       0
       0
       0
       0
       0
       0
       0
       0
       0
       0
       0
       0
       0
       0
       0
       0
       0
       0
       0
       0
       0
      24
      55
      43
      56
      53
      61
      66
      55
      49
      54
      62
      51
      48
      51
      52
      59
      55
      62
      41
      50
      52
      52
      47
      59
      58
      69
      50
      60
      60
      46
      53
      45
      55
      56
      51
      41
      59
      47
      63
      51
      58
      49
      48
      73
      55
      62
      56
      63
      74
      63
      63
      59
      83
      47
      75
      67
      58
      60
      86
      58
      64
      63
      63
      44
      62
      75
      72
      56
      67
      54
      61
      65
      65
      67
      62
      77
      79
      69
      86
      73
      73
      71
      68
      84
      71
      70
      58
      63
      73
      81
      88
      79
      78
      89
      95
      78
      79
      78
      63
      83
      92
      91
      98
     102
     101
      77
      87
      90
     113
     101
     103
     117
     116
     130
     120
     130
     109
     125
     119
     103
     106
     124
     108
     110
     105
     113
     130
     112
     119
     110
     109
     112
     119
     105
     113
     102
     119
     124
      97
     105
     105
     110
     118
      98
     100
     108
     102
     111
     120
     126
     115
     121
     130
     129
     108
     108
      91
     106
     104
     113
     118
     131
     132
      99
     105
     111
     126
     113
     102
     110
     104
     107
     115
     101
     125
     108
     112
     100
     111
      99
     114
     126
     106
     100
      97
     125
     116
     105
     125
     117
     111
     100
     123
     119
     111
     128
      92
     104
     112
     117
     117
     105
     116
     128
     125
     101
     115
     126
     116
     123
     115
     127
      97
     105
     106
     126
     124
     113
      96
     113
     118
     124
     122
     110
     109
     113
     117
     117
     116
     121
     115
     111
      91
     104
     100
     108
     109
     116
     107
     114
     110
     123
     112
     110
     115
     106
     126
     124
     100
      95
      92
     120
     112
      93
     116
     116
     101
     116
      88
     120
     107
     124
      89
      89
     104
     120
     110
      99
     108
     114
     120
     109
     127
     112
      92
     113
     122
     107
     104
     104
     117
      98
      89
      99
     107
      98
      86
      97
     103
      98
     109
     112
     120
     106
      96
     107
     110
      99
     103
     104
     103
      98
      99
      96
      80
      85
      96
     108
     130
     111
      95
      92
     104
      89
      94
     117
      97
     107
     114
     107
     116
     109
      96
     106
     112
     108
     112
     101
      80
     111
      96
     108
      97
     112
      81
     104
     102
     104
      96
     111
     111
     102
     109
      90
      92
     125
      83
      92
      98
     104
      97
     111
     108
      87
     117
     106
     103
     104
      87
      84
      99
     106
      94
     100
      89
     110
     113
      84
     101
     100
     109
     106
      95
      86
     101
     100
      90
      96
     115
      96
     101
     106
     115
     112
     121
     107
     103
      92
      96
      97
     114
     101
      91
      94
     111
     108
     102
      89
     101
     104
      94
      95
     111
      93
     104
     114
     100
      98
      74
      87
      95
      84
      94
     103
      91
      93
      81
      78
     105
      90
     100
     109
      93
      82
      79
      93
      86
      92
      66
      88
      93
      91
      92
      75
     100
      93
      91
      92
     111
      82
      94
      83
      94
      73
     100
      90
      93
      91
      94
      90
      77
      82
      77
      85
     100
      76
      95
      94
      96
      79
      86
      83
      86
      79
      80
      83
      75
      73
      90
      80
      83
      64
      69
      77
      94
      81
      92
      87
      88
      74
      92
      85
      69
      89
      71
      66
      93
      84
      92
      82
      79
      84
      82
      82
      64
      70
      55
      82
      78
      73
      93
      76
      85
      74
      79
      80
      75
      74
      68
      79
      67
      79
      66
      78
      79
      73
      77
      72
      82
      78
      76
      99
      72
      74
      57
      66
      68
      59
      82
      74
      83
      71
      75
      65
      67
      72
      69
      66
      59
      69
      76
      64
      69
      69
      68
      67
      68
      65
      65
      63
      57
      47
      72
      67
      54
      75
      72
      59
      66
      67
      70
      71
      65
      69
      60
      66
      58
      75
      64
      63
      64
      51
      54
      69
      68
      67
      74
      55
      56
      71
      58
      65
      59
      74
      68
      60
      67
      59
      58
      70
      63
      71
      69
      64
      66
      68
      86
      57
      69
      51
      76
      76
      67
      78
      56
      62
      65
      61
      62
      45
      79
      53
      56
      69
      74
      59
      61
      54
      60
      58
      56
      59
      54
      53
      69
      60
      39
      61
      50
      54
      57
      51
      45
      67
      48
      63
      62
      60
      59
      55
      58
      63
      54
      63
      69
      61
      59
      68
      60
      63
      55
      53
      56
      52
      51
      57
      53
      55
      55
      55
      51
      56
      57
      52
      64
      53
      47
      54
      48
      57
      60
      59
      62
      51
      67
      47
      51
      62
      64
      42
      59
      47
      61
      77
      61
      41
      45
      48
      60
      57
      65
      57
      60
      61
      38
      58
      50
      44
      48
      38
      54
      57
      57
      64
      62
      59
      48
      49
      61
      52
      49
      56
      58
      63
      46
      66
      62
      33
      61
      49
      56
      61
      47
      66
      50
      51
      52
      47
      55
      53
      55
      69
      51
      51
      53
      52
      56
      59
      68
      50
      51
      47
      61
      60
      44
      38
      49
      66
      53
      47
      57
      50
      55
      49
      44
      54
      51
      58
      52
      49
      60
      53
      55
      44
      57
      56
      63
      45
      48
      72
      47
      59
      58
      58
      40
      50
      56
      38
      55
      51
      52
      51
      59
      40
      64
      45
      49
      45
      61
      49
      55
      52
      51
      52
      43
      51
      45
      45
      59
      46
      64
      47
      46
      45
      58
      50
      54
      63
      52
      54
      45
      52
      52
      49
      54
      67
      42
      51
      55
      49
      54
      49
      47
      45
      61
      58
      50
      41
      50
      45
      62
      61
      43
      53
      57
      57
      38
      50
      56
      38
      57
      64
      46
      64
      39
      44
      54
      58
      55
      49
      56
      51
      45
      47
      51
      55
      40
      47
      44
      48
      54
      38
      53
      51
      48
      36
      38
      37
      44
      49
      49
      36
      53
      53
      56
      56
      51
      39
      46
      45
      55
      49
      42
      49
      42
      46
      43
      55
      44
      45
      52
      61
      53
      46
      45
      58
      47
      55
      51
      41
      44
      64
      38
      51
      30
      34
      42
      46
      42
      42
      72
      54
      35
      47
      43
      48
      40
      42
      44
      57
      48
      59
      51
      49
      33
      44
      48
      44
      52
      56
      36
      48
      42
      50
      53
      50
      50
      50
      54
      41
      42
      48
      46
      31
      49
      43
      41
      46
      52
      42
      44
      54
      51
      42
      47
      42
      44
      46
      57
      42
      46
      39
      41
      43
      51
      64
      44
      56
      52
      47
      52
      51
      48
      40
      50
      39
      55
      59
      44
      47
      43
      52
      46
      52
      42
      46
      43
      40
      42
      47
      56
      48
      38
      48
      41
      64
      43
      45
      44
      49
      52
      47
      42
      46
      52
      41
      36
      48
      37
      37
      43
      45
      47
      42
      35
      40
      47
      37
      40
      46
      56
      49
      38
      45
      54
      34
      48
      60
      50
      41
      41
      44
      45
      38
      41
      36
      41
      34
      41
      31
      35
      35
      30
      34
      41
      36
      27
      38
      37
      36
      38
      41
      39
      34
      30
      38
      32
      28
      31
      28
      27
      38
      30
      28
      30
      43
      38
      34
      36
      31
      29
      31
      21
      30
      19
      26
      29
      28
      23
      37
      25
      34
      35
      20
      41
      33
      35
      32
      36
      28
      31
      26
      35
      25
      36
      14
      25
      28
      27
      26
      25
      24
      32
      29
      19
      26
      32
      32
      24
      22
      21
      28
      24
      25
      20
      26
      26
      23
      24
      19
      30
      25
      14
      29
      33
      21
      20
      21
      28
      19
      21
      21
      19
      23
      23
      15
      25
      19
      25
      23
      18
      26
      34
      25
      28
      26
      29
      22
      21
      24
      21
      25
      22
      21
      23
      21
      20
      19
      23
      23
      12
      20
      17
      25
      25
      23
      25
      25
      17
      30
      16
      27
      25
      19
      26
      18
      21
      23
      26
      20
      22
      18
      20
      13
      17
      19
      20
      17
      19
      22
      15
      16
      21
      26
      28
      25
      15
      21
      16
      13
      18
      25
      13
      21
      21
      12
      17
      34
      23
      27
      13
      21
      14
      16
      26
      18
      22
      17
      23
      22
      14
      13
      18
      26
      20
      18
      17
      21
      22
      12
      17
      23
      27
      26
      17
      17
      22
      24
      23
      16
      18
      18
      12
      19
      32
      15
      31
      20
      21
      20
      23
      23
      15
      19
      19
      18
      25
      18
      20
      22
      24
      20
      23
      19
      21
      17
      25
      20
      16
      25
      25
      27
      16
      24
      11
      19
      18
      18
      22
      20
      23
      20
      27
      15
      22
      20
      23
      18
      19
      29
      15
      11
      18
      26
      19
      20
      14
      21
      18
      26
      21
      13
      16
      17
      18
      12
      22
      27
      21
      20
      19
      18
      29
      18
      22
      21
      23
      18
      20
      20
      26
      18
      16
      20
      22
      29
      20
      20
      18
      20
      28
      19
      19
      17
      26
      25
      19
      20
      27
      26
      23
      20
      26
      27
      24
      21
      17
      22
      23
      29
      16
      29
      23
      18
      22
      19
      27
      17
      20
      36
      30
      28
      20
      21
      27
      33
      28
      42
      34
      19
      31
      40
      21
      27
      28
      33
      31
      25
      22
      41
      23
      34
      27
      34
      30
      31
      32
      22
      29
      38
      27
      27
      35
      26
      32
      28
      37
      39
      33
      43
      34
      24
      35
      37
      37
      31
      34
      41
      34
      41
      48
      45
      45
      46
      59
      46
      42
      52
      47
      51
      54
      48
      52
      56
      65
      75
      59
      54
      70
      50
      92
      71
      85
      84
      83
      64
     112
      74
      81
      70
      92
     100
      99
      97
      76
      91
     100
     115
     100
     106
     127
     103
     123
     118
     130
     122
     125
     126
     127
     137
     124
     132
     114
     127
     135
     174
     134
     144
     158
     176
     153
     140
     163
     184
     169
     172
     178
     184
     195
     175
     179
     192
     179
     187
     178
     178
     182
     202
     208
     200
     197
     208
     186
     203
     201
     190
     229
     196
     204
     198
     196
     189
     221
     209
     196
     213
     211
     226
     242
     224
     196
     218
     245
     232
     220
     199
     236
     214
     219
     223
     224
     219
     228
     192
     200
     196
     177
     220
     209
     169
     191
     190
     182
     182
     186
     176
     202
     168
     148
     160
     186
     166
     161
     128
     154
     153
     152
     156
     153
     143
     142
     114
     113
     139
     130
     121
     115
     125
     133
      98
      86
      99
     106
      96
      83
      97
      97
      87
      78
      89
      90
      75
      66
      68
      89
      62
      60
      69
      61
      55
      51
      55
      48
      54
      52
      38
      33
      46
      61
      30
      45
      33
      28
      45
      31
      36
      26
      24
      32
      24
      28
      42
      25
      26
      17
      20
      24
      20
      15
      16
      15
      19
      14
      15
      17
       9
      10
      14
      12
      10
       6
      11
       6
       9
       8
      11
       7
       8
       6
       6
       7
       6
       4
       6
      10
       3
       5
       7
       2
       3
       4
       7
       3
       6
       3
       3
       3
       3
       3
       0
       6
       5
       4
       1
       1
       3
       0
       5
       2
       5
       2
       1
       4
       1
       3
       1
       5
       4
       4
       1
       4
       2
       5
       2
       2
       6
       2
       1
       2
       3
       3
       4
       2
       4
       5
       5
       3
       2
       2
       0
       2
       0
       5
       5
       2
       4
       3
       2
       1
       2
       6
       1
       4
       0
       3
       1
       3
       4
       5
       4
       3
       5
       5
       5
       8
       4
       2
       4
       2
       2
       2
       2
       0
       2
       4
       1
       0
       5
       3
       4
       0
       2
       3
       2
       3
       3
       1
       1
       4
       2
       1
       2
       2
       4
       1
       3
       3
       3
       4
       3
       4
       3
       5
       0
       7
       5
       0
       2
       6
       8
       3
       4
       2
       2
       5
       5
       2
       4
       3
       1
       3
       3
       4
       3
       0
       2
       1
       2
       1
       1
       6
       3
       2
       2
       4
       4
       1
       4
       1
       4
       3
       2
       4
       3
       4
       4
       5
       2
       0
       2
       5
       5
       1
       1
       2
       1
       1
       2
       3
       1
       3
       6
       3
       2
       4
       1
       2
       5
       1
       3
       1
       1
       4
       4
       4
       2
       3
       5
       4
       8
       1
       3
       1
       0
       0
       3
       2
       3
       1
       3
       1
       3
       1
       2
       2
       2
       3
       1
       2
       4
       2
       1
       2
       4
       3
       1
       0
       1
       2
       1
       0
       0
       2
       2
       2
       1
       0
       0
       4
       3
       6
       2
       2
       2
       5
       2
       4
       1
       1
       2
       1
       4
       6
       1
       2
       3
       1
       3
       2
       2
       2
       7
       4
       4
       0
       2
       3
       2
       2
       5
       2
       0
       2
       0
       3
       4
       1
       0
       5
       3
       3
       1
       1
       0
       1
       1
       2
       2
       1
       1
       2
       2
       5
       3
       0
       2
       1
       3
       1
       1
       0
       3
       3
       3
       2
       0
       0
       0
       0
       0
       0
       0
       0
       0
       0
       0
       0
       0
       0
       0
       0
       0
       0
       0
       0
       0
       0
       0
       0
       0
       0
       0
       0
       0
       0
       0
       0
$ROI:
0
$PRESETS:
None
0
0
$ENER_FIT:
0.000000 0.376604
$MCA_CAL:
3
0.000000E+000 3.766040E-001 0.000000E+000 keV
$SHAPE_CAL:
3
9.515098E+001 0.000000E+000 0.000000E+000
