$SPEC_ID:
Scatter
$SPEC_REM:
DET# 2
DETDESC# JLAB-9 MCB 136
AP# Maestro Version 7.01
$DATE_MEA:
11/21/2022 15:26:31
$MEAS_TIM:
159 162
$DATA:
0 2047
       0
       0
       0
       0
       0
       0
       0
       0
       0
       0
       0
       0
       0
       0
       0
       0
       0
       0
       0
       0
       0
       0
       0
       0
       0
       0
       0
       0
       0
       0
       0
       0
       0
       0
       0
       0
       0
       0
       0
       0
       0
       0
       0
       0
       0
       0
       0
       0
       0
       0
       0
       0
       0
       0
       0
       0
       0
       0
       0
       0
       0
       0
       0
       0
       0
       0
       0
       0
       0
       0
       0
       0
       0
       0
       0
       0
       0
       0
       0
       0
       0
      35
      97
     105
     106
      89
      96
     100
     119
     109
      93
     106
      97
      96
      97
      84
      89
      88
      97
      97
      99
     109
     101
      86
     103
     110
     121
     110
      88
     109
     126
      97
      96
     113
     110
      95
      90
     108
     100
     112
     102
      94
      97
     111
     115
      98
      89
     106
      98
     117
     114
      92
     111
     101
      95
     106
     121
      99
      89
      98
     113
     123
     115
     149
     100
     121
     114
     115
     116
     110
     123
     120
     116
     110
      99
     126
     106
     120
     122
     101
     118
     115
     155
     132
     132
     117
     139
     105
     119
     129
     132
     137
     158
     138
     131
     123
     140
     113
     152
     143
     137
     137
     153
     118
     132
     164
     164
     164
     163
     148
     159
     163
     161
     174
     146
     169
     165
     161
     148
     157
     177
     179
     163
     152
     169
     183
     169
     171
     158
     177
     165
     141
     160
     171
     159
     179
     165
     175
     170
     146
     143
     134
     170
     165
     123
     142
     134
     178
     171
     145
     158
     160
     152
     160
     153
     164
     139
     144
     151
     139
     147
     138
     161
     167
     175
     162
     142
     161
     162
     146
     154
     159
     132
     144
     165
     155
     162
     155
     164
     150
     168
     152
     159
     166
     138
     161
     149
     134
     166
     173
     169
     165
     161
     155
     151
     137
     150
     168
     148
     153
     137
     148
     148
     169
     150
     141
     156
     149
     161
     135
     165
     157
     151
     145
     148
     161
     165
     168
     176
     169
     152
     161
     173
     148
     162
     182
     150
     152
     164
     160
     164
     165
     170
     159
     159
     161
     141
     159
     145
     144
     163
     179
     144
     160
     140
     149
     138
     159
     166
     143
     146
     152
     154
     147
     151
     164
     155
     174
     143
     156
     139
     165
     157
     181
     168
     174
     140
     150
     117
     163
     153
     176
     170
     160
     157
     155
     179
     148
     163
     166
     142
     163
     170
     153
     159
     142
     157
     156
     151
     158
     175
     159
     136
     143
     133
     141
     165
     160
     151
     152
     165
     169
     155
     170
     152
     137
     153
     170
     154
     150
     154
     154
     140
     146
     170
     143
     144
     160
     148
     167
     149
     167
     150
     152
     169
     171
     144
     129
     174
     147
     156
     145
     147
     161
     152
     157
     142
     136
     160
     152
     157
     149
     156
     157
     158
     166
     163
     143
     134
     160
     142
     175
     164
     149
     144
     147
     179
     154
     161
     170
     140
     148
     179
     155
     161
     169
     155
     164
     162
     149
     160
     155
     150
     161
     181
     165
     188
     163
     141
     163
     186
     175
     165
     157
     178
     188
     180
     170
     185
     179
     154
     142
     199
     173
     147
     181
     165
     180
     161
     194
     168
     158
     175
     176
     161
     163
     162
     159
     157
     161
     187
     194
     151
     150
     168
     165
     147
     166
     175
     143
     142
     173
     156
     150
     143
     162
     171
     159
     152
     163
     159
     161
     164
     170
     163
     172
     171
     154
     163
     158
     169
     147
     155
     160
     172
     150
     147
     152
     149
     145
     166
     147
     142
     161
     164
     136
     145
     146
     151
     139
     145
     160
     140
     144
     129
     159
     141
     148
     144
     139
     129
     148
     144
     145
     151
     135
     129
     146
     143
     138
     150
     155
     116
     157
     140
     163
     135
     127
     171
     118
     139
     127
     127
     140
     141
     139
     143
     149
     138
     139
     146
     128
     118
     134
     129
     119
     149
     143
     130
     114
     116
     125
     162
     139
     148
     120
     127
     132
     132
     127
     131
     147
     135
     135
     116
     114
     139
     142
     152
     148
     115
     126
     163
     132
     133
     133
     112
     145
     120
     144
     108
     118
     115
     126
     113
     111
     117
     132
     124
     135
     125
     128
     142
     134
     134
     133
     112
     115
     140
     148
     124
     126
     117
     121
     129
     132
     131
     121
     122
     115
     140
     126
     126
     119
     147
     114
     123
     125
     130
     122
     105
     123
     125
     119
      96
     109
     118
     139
     116
     105
     112
     106
     112
     124
     114
     120
     122
     119
     123
     124
      97
     122
     108
     119
     115
     128
     115
     101
     102
     107
     117
     120
      98
     142
     135
     124
     104
     100
     114
     121
     116
     113
     111
     118
     119
     111
     130
     112
     128
     120
     112
     121
     137
     138
     113
     126
     120
     102
     128
     122
     106
     121
     135
     110
     124
     111
     102
     107
     115
     111
     112
     125
      86
     110
     117
     109
      97
     111
     103
      89
     104
     104
     135
     109
     130
     113
     121
     125
     113
     114
     119
     100
     119
     102
     104
     129
     122
     103
     112
     108
     129
     117
     110
     121
     104
     110
     111
     136
     101
     108
      94
      99
     111
     111
     117
     114
     116
     126
     110
     109
     110
     102
      93
     109
     114
     111
     111
     107
     107
     134
     111
     116
     111
      99
     118
     111
     119
     117
     130
     125
     113
     102
     125
     105
     119
     101
     103
     128
     124
     119
     110
     103
     113
      90
     108
     119
     135
     109
     103
     116
     104
      94
     122
     121
      93
     107
     108
     110
     108
     103
     107
      97
     104
     114
     109
     114
     123
     109
      90
     116
      96
     104
     114
      92
     127
     118
     103
     136
      90
     132
     109
     115
      87
     110
     109
     104
     114
     113
     104
     110
     102
      94
     116
     124
     108
     115
     120
     113
     116
     110
      95
      89
     111
     119
      93
     121
     106
     111
     101
      95
     124
     118
     105
      95
     115
      94
     111
      94
      96
     121
     101
     127
     116
      98
     102
     112
     117
     107
     118
     105
     100
     120
     102
      99
     136
     108
     122
     126
     117
     119
     102
     105
     112
      98
     114
     103
     100
      99
     105
     113
     100
      93
     117
     107
     128
     103
     115
     102
     102
     105
      89
      98
     117
     114
     107
     105
     127
     127
      93
      99
     113
     113
     113
      99
      97
     123
      93
     119
     100
     120
     112
      94
      91
      95
      99
     101
     107
     116
     112
     102
      93
     101
     114
     117
     116
     107
     114
     119
     113
     106
      94
     119
     106
     110
      99
     109
     106
     115
     103
     100
     121
     123
      98
     110
     104
     102
     118
     116
     106
     123
     109
     118
     101
     130
      90
     106
     117
     115
     135
     122
     115
     123
     100
     124
     102
     142
     119
     116
     131
     109
     132
     111
     127
     136
     117
      96
     102
     103
     104
     125
     117
     118
     108
      89
     126
     128
     113
     110
     116
     108
     107
      91
     117
     111
     105
     128
     125
     116
     104
      90
     106
     111
      95
     116
     120
      95
     128
     122
     114
     116
     124
     110
     116
     108
     106
     125
     102
     118
     124
     113
     122
     113
     117
      90
     104
      98
     104
     112
     105
      94
     115
      93
     106
     107
     103
     112
      98
     100
     101
     115
      95
      96
     107
      88
      93
      98
      91
     105
      97
     101
      79
     105
      99
      90
     102
      93
      89
      82
      89
     118
      92
      98
     103
     104
      86
     102
      95
      93
      83
      95
      93
     110
     101
      70
      81
      94
      96
      83
      82
      79
      90
      95
      72
      71
      67
      83
      71
      99
      80
      85
      78
      78
      77
      68
      78
      64
      71
      72
      79
      77
      61
      75
      65
      65
      72
      68
      63
      73
      74
      64
      51
      72
      69
      62
      70
      61
      63
      63
      52
      61
      60
      72
      66
      60
      53
      55
      64
      65
      51
      57
      61
      40
      44
      46
      58
      54
      60
      54
      42
      64
      62
      43
      63
      42
      45
      58
      56
      57
      47
      53
      46
      40
      45
      41
      36
      46
      49
      45
      49
      34
      43
      48
      42
      51
      45
      45
      44
      44
      58
      42
      52
      37
      27
      44
      46
      39
      42
      30
      43
      51
      37
      43
      48
      45
      27
      61
      45
      51
      42
      52
      36
      51
      47
      46
      45
      40
      46
      33
      43
      47
      54
      31
      32
      41
      49
      41
      48
      43
      32
      39
      37
      36
      42
      38
      27
      35
      47
      44
      35
      31
      44
      37
      41
      42
      34
      35
      44
      40
      36
      38
      37
      39
      41
      40
      37
      29
      35
      38
      37
      32
      27
      45
      31
      25
      45
      29
      33
      34
      33
      35
      40
      42
      40
      33
      24
      36
      30
      35
      31
      46
      41
      36
      30
      28
      40
      40
      49
      36
      36
      34
      44
      31
      35
      36
      42
      34
      33
      31
      42
      47
      30
      34
      42
      31
      31
      38
      35
      32
      31
      25
      28
      38
      33
      40
      26
      38
      25
      31
      29
      24
      36
      40
      38
      39
      24
      32
      42
      46
      48
      27
      30
      36
      30
      34
      25
      30
      37
      37
      29
      35
      33
      33
      34
      47
      34
      39
      33
      58
      29
      42
      33
      42
      29
      36
      37
      42
      38
      31
      47
      43
      27
      39
      36
      33
      44
      39
      37
      43
      41
      34
      32
      30
      41
      33
      31
      30
      34
      36
      42
      41
      32
      31
      37
      31
      32
      39
      43
      42
      38
      41
      33
      32
      37
      39
      33
      40
      49
      34
      40
      41
      34
      36
      40
      35
      38
      46
      35
      50
      38
      32
      30
      40
      46
      44
      52
      48
      36
      36
      36
      32
      42
      49
      38
      48
      45
      52
      53
      47
      47
      54
      41
      39
      55
      54
      60
      51
      53
      65
      49
      48
      54
      60
      51
      56
      69
      59
      60
      61
      74
      55
      74
      55
      56
      63
      58
      75
      82
      77
      85
      91
      99
      90
      93
      77
      73
      96
     100
     108
      87
      82
     105
     111
      99
     123
     121
     120
     132
     116
      84
     120
     134
     131
     155
     139
     152
     151
     162
     170
     166
     168
     160
     195
     175
     210
     204
     197
     189
     202
     202
     208
     222
     225
     258
     240
     250
     266
     322
     266
     277
     291
     276
     294
     300
     353
     321
     320
     327
     356
     329
     335
     364
     397
     399
     418
     386
     362
     433
     438
     453
     396
     488
     459
     461
     459
     467
     423
     465
     458
     479
     502
     544
     459
     517
     578
     514
     534
     533
     522
     553
     562
     571
     592
     582
     595
     634
     566
     645
     633
     608
     616
     617
     646
     601
     656
     632
     640
     612
     657
     631
     617
     623
     619
     656
     660
     623
     618
     643
     584
     631
     607
     632
     619
     599
     638
     612
     574
     593
     586
     574
     584
     601
     556
     551
     531
     520
     513
     535
     529
     521
     500
     485
     501
     500
     426
     462
     489
     451
     421
     481
     461
     437
     400
     391
     395
     375
     399
     395
     374
     331
     331
     335
     301
     300
     308
     315
     290
     269
     257
     253
     239
     250
     244
     241
     250
     219
     178
     200
     178
     189
     198
     164
     198
     159
     143
     151
     131
     132
     140
     107
     119
     109
     110
     113
     115
      99
      84
      91
      85
      87
      80
      67
      87
      89
      79
      74
      50
      50
      64
      51
      49
      39
      42
      44
      40
      34
      33
      38
      30
      33
      21
      27
      20
      29
      27
      23
      19
      17
      21
      18
      17
       9
      15
      17
      10
      12
      18
      11
      13
       8
       6
      10
      14
       3
      10
       9
       8
       6
       7
       5
       6
       5
       4
       6
       4
       8
       8
       4
       5
       5
       6
       4
       3
       6
       4
       3
       6
       2
       2
      14
       4
       3
       3
       3
       3
       4
       4
       4
       2
       3
       5
       4
       1
       6
       3
       1
       1
       5
       8
       3
       5
       4
       5
       2
       7
       1
       4
       4
       4
       3
       8
       4
       3
       4
       5
       4
       6
       3
       2
       2
       3
       1
       3
       4
       3
       2
       3
       0
       1
       2
       2
       0
       4
       6
       3
       3
       4
       1
       4
       3
       1
       0
       3
       2
       5
       3
       1
       4
       3
       6
       2
       4
       7
       3
       4
       3
       2
       6
       2
       4
       4
       5
       3
       2
       4
       4
       6
       6
       7
       2
       5
       2
       3
       0
       3
       5
       6
       4
       3
       2
       3
       8
       2
       4
       5
       3
       6
       3
       4
       4
       2
       7
       1
       5
       7
       1
       0
       2
       2
       7
       7
       4
       0
       2
       2
       2
       3
       5
       6
       3
       3
       2
       4
       3
       3
       0
       5
       1
       1
       2
       0
       5
       2
       4
       3
       0
       0
       4
       3
       5
       4
       4
       3
       2
       4
       3
       5
       2
       8
       2
       2
       3
       4
       1
       4
       7
       4
       3
       2
       3
       3
       4
       1
       1
       5
       0
       2
       2
       3
       4
       6
       4
       4
       2
       5
       3
       5
       2
       3
       4
       3
       6
       3
       3
       2
       3
       6
       1
       2
       4
       6
       1
       1
       2
       2
       0
       1
       2
       4
       2
       6
       4
       2
       3
       1
       5
       3
       3
       2
       3
       3
       0
       1
       3
       2
       5
       0
       2
       4
       5
       3
       2
       0
       4
       0
       1
       3
       4
       0
       7
       2
       2
       4
       2
       3
       3
       2
       2
       4
       3
       3
       0
       2
       0
       8
       1
       4
       3
       5
       2
       2
       3
       2
       2
       1
       1
       2
       0
       0
       0
       0
       0
       0
       0
       0
       0
       0
       0
       0
       0
       0
       0
       0
       0
       0
       0
       0
       0
       0
       0
       0
       0
       0
       0
       0
       0
       0
       0
       0
$ROI:
0
$PRESETS:
None
0
0
$ENER_FIT:
0.000000 0.376604
$MCA_CAL:
3
0.000000E+000 3.766040E-001 0.000000E+000 keV
$SHAPE_CAL:
3
9.515098E+001 0.000000E+000 0.000000E+000
