$SPEC_ID:
Scatter
$SPEC_REM:
DET# 2
DETDESC# JLAB-9 MCB 136
AP# Maestro Version 7.01
$DATE_MEA:
11/14/2022 15:29:01
$MEAS_TIM:
175 194
$DATA:
0 2047
       0
       0
       0
       0
       0
       0
       0
       0
       0
       0
       0
       0
       0
       0
       0
       0
       0
       0
       0
       0
       0
       0
       0
       0
       0
       0
       0
       0
       0
       0
       0
       0
       0
       0
       0
       0
       0
       0
       0
       0
       0
       0
       0
       0
       0
       0
       0
       0
       0
       0
       0
       0
       0
       0
       0
       0
       0
       0
       0
       1
    1167
    4709
    5691
    6831
    8404
    9842
   11513
   13330
   15267
   17338
   19173
   20459
   21773
   22556
   22623
   22164
   21352
   20214
   18133
   16673
   14754
   13134
   11326
    9702
    8294
    7246
    6175
    5260
    4506
    3722
    3231
    2688
    2310
    1995
    1851
    1577
    1381
    1242
    1202
    1138
    1140
    1097
    1157
    1138
    1157
    1237
    1297
    1277
    1422
    1393
    1445
    1458
    1548
    1646
    1742
    1767
    1812
    1903
    2027
    2012
    2091
    2100
    2171
    2214
    2201
    2194
    2101
    2099
    2071
    2057
    2045
    1971
    1815
    1885
    1788
    1729
    1889
    1728
    1789
    1763
    1816
    1903
    1853
    1871
    2009
    2090
    2100
    2086
    2151
    2180
    2187
    2359
    2279
    2302
    2349
    2372
    2322
    2310
    2333
    2376
    2333
    2323
    2445
    2292
    2338
    2423
    2569
    2569
    2622
    2778
    2885
    2947
    3074
    3412
    3465
    3895
    4179
    4337
    4581
    4972
    5364
    5677
    6022
    6301
    6716
    7120
    7326
    7746
    7954
    8101
    8301
    8422
    8347
    8102
    8065
    7799
    7569
    7194
    6708
    6210
    5832
    5214
    4889
    4306
    3926
    3401
    3124
    2679
    2366
    2109
    1802
    1654
    1386
    1288
    1141
    1058
     996
     923
     924
     922
     780
     846
     765
     752
     825
     794
     795
     823
     742
     757
     799
     816
     800
     857
     820
     822
     806
     836
     813
     867
     850
     879
     890
     916
     868
     889
     921
     894
     943
     944
     967
     976
    1006
    1036
    1012
    1079
    1034
    1125
    1116
    1108
    1124
    1203
    1152
    1184
    1126
    1191
    1121
    1068
    1221
    1138
    1104
    1114
    1147
    1113
    1098
    1065
    1042
    1069
     984
     992
     933
     945
     938
     876
     911
     869
     846
     829
     868
     803
     834
     877
     857
     825
     816
     822
     812
     848
     829
     867
     920
     899
     916
     814
     847
     898
     896
     944
     893
     937
     915
     952
     891
     945
     941
     926
     979
     958
     986
     982
    1018
     978
    1068
    1000
    1070
    1017
    1025
    1013
    1040
    1053
    1035
    1085
    1057
    1139
    1126
    1066
    1102
    1167
    1152
    1139
    1231
    1207
    1191
    1230
    1133
    1264
    1169
    1161
    1195
    1234
    1227
    1277
    1190
    1314
    1225
    1245
    1271
    1210
    1262
    1190
    1201
    1256
    1223
    1180
    1229
    1201
    1226
    1235
    1189
    1175
    1201
    1130
    1126
    1162
    1094
    1137
    1159
    1141
    1045
    1053
    1078
    1106
    1055
    1050
     991
    1012
    1033
    1038
     951
    1102
     994
    1019
     955
     913
     942
     953
     930
     927
     872
     963
     915
     959
     890
     885
     877
     934
     880
     879
     884
     864
     846
     887
     839
     844
     872
     849
     830
     822
     860
     805
     836
     814
     831
     796
     811
     756
     810
     814
     775
     774
     730
     781
     760
     753
     770
     750
     725
     719
     782
     707
     717
     759
     733
     749
     762
     750
     691
     697
     675
     680
     653
     673
     613
     663
     699
     629
     658
     690
     624
     577
     604
     579
     608
     614
     583
     595
     570
     599
     594
     608
     565
     585
     559
     574
     587
     597
     600
     560
     572
     535
     520
     583
     562
     485
     549
     541
     536
     573
     580
     583
     500
     534
     535
     550
     539
     522
     529
     524
     538
     525
     524
     511
     507
     534
     497
     509
     509
     459
     523
     478
     466
     528
     523
     475
     491
     539
     447
     488
     430
     480
     442
     444
     413
     437
     497
     441
     492
     461
     448
     426
     444
     457
     479
     475
     459
     476
     452
     449
     456
     444
     427
     404
     486
     436
     422
     469
     461
     440
     433
     457
     413
     420
     447
     464
     445
     469
     492
     442
     416
     437
     501
     457
     518
     449
     494
     520
     498
     545
     488
     526
     560
     556
     550
     551
     557
     554
     603
     614
     609
     620
     647
     623
     680
     655
     721
     726
     726
     731
     744
     747
     760
     761
     824
     785
     810
     845
     792
     868
     863
     886
     884
     920
     927
     920
     919
     946
     997
     989
     954
    1012
     956
     992
    1010
    1026
    1016
    1017
     982
     967
    1010
    1016
     962
    1033
    1035
    1079
    1015
    1057
    1050
    1074
    1159
    1109
    1130
    1200
    1206
    1141
    1173
    1224
    1173
    1144
    1267
    1266
    1196
    1258
    1267
    1372
    1318
    1364
    1334
    1358
    1480
    1433
    1378
    1450
    1502
    1502
    1495
    1449
    1477
    1566
    1437
    1572
    1553
    1527
    1575
    1573
    1576
    1682
    1594
    1559
    1513
    1541
    1546
    1509
    1457
    1471
    1442
    1505
    1494
    1524
    1477
    1416
    1420
    1374
    1371
    1367
    1311
    1286
    1239
    1260
    1217
    1239
    1218
    1139
    1117
    1118
    1077
    1065
    1032
    1001
     992
    1013
     973
     947
     975
     895
     975
     895
     833
     860
     885
     840
     867
     815
     851
     922
     883
     858
     907
     870
     896
     894
     942
     992
     977
     980
    1059
    1070
    1032
    1126
    1093
    1165
    1196
    1306
    1260
    1334
    1341
    1461
    1460
    1505
    1625
    1656
    1659
    1855
    1855
    1887
    1921
    1970
    2013
    2104
    2189
    2229
    2341
    2442
    2427
    2400
    2582
    2626
    2655
    2680
    2765
    2857
    2862
    2965
    3047
    3111
    3144
    3087
    3167
    3193
    3211
    3327
    3282
    3300
    3413
    3362
    3496
    3429
    3434
    3556
    3273
    3465
    3508
    3437
    3433
    3373
    3408
    3443
    3374
    3287
    3446
    3319
    3347
    3251
    3253
    3241
    3146
    3154
    3007
    3046
    2935
    2965
    2846
    2863
    2772
    2677
    2625
    2509
    2481
    2433
    2378
    2327
    2295
    2221
    2182
    2157
    2064
    1968
    1941
    1971
    1820
    1774
    1760
    1727
    1715
    1582
    1515
    1515
    1430
    1385
    1447
    1374
    1308
    1319
    1242
    1267
    1225
    1179
    1115
    1104
    1090
    1078
    1071
    1149
    1125
     976
    1086
    1022
    1020
     963
     939
     993
     915
     906
     938
     913
     871
     881
     881
     833
     828
     813
     769
     755
     780
     752
     739
     751
     666
     695
     699
     682
     673
     597
     632
     583
     610
     599
     570
     545
     553
     503
     504
     498
     479
     459
     438
     415
     421
     411
     418
     382
     402
     343
     398
     340
     350
     353
     310
     319
     350
     294
     295
     273
     282
     297
     269
     269
     228
     269
     256
     231
     215
     268
     240
     242
     235
     265
     240
     231
     254
     229
     221
     246
     225
     230
     239
     237
     241
     213
     263
     227
     236
     225
     266
     236
     230
     230
     236
     225
     242
     223
     256
     266
     253
     248
     247
     249
     247
     247
     268
     252
     260
     248
     255
     251
     255
     242
     273
     258
     236
     230
     239
     261
     261
     241
     265
     252
     243
     251
     229
     205
     255
     216
     226
     213
     238
     225
     222
     217
     209
     191
     247
     216
     205
     192
     210
     213
     204
     219
     215
     211
     188
     184
     176
     172
     178
     195
     183
     171
     186
     183
     146
     159
     166
     146
     132
     156
     147
     133
     150
     118
     134
     146
     129
     127
     109
     107
     134
      97
     111
     105
     113
      96
      97
     107
     104
     107
     102
     106
      81
      92
      92
      95
      92
      97
      77
      87
      91
      87
      89
      88
     107
      96
      98
      94
      78
      65
      84
      71
      82
      81
      91
      92
      92
     101
      87
      99
      94
      93
     101
     100
      91
     105
      86
      87
      92
      98
     108
      98
      99
      98
      82
      99
      99
      96
      92
     113
     100
      96
     108
      98
     113
      97
      98
     123
     108
      93
     100
     111
     112
     110
     114
     107
     133
     102
     104
     114
     107
     125
     110
     119
     108
     108
     108
     109
     111
      84
     110
     120
     107
      96
     117
     120
     120
     120
     116
     100
     108
     102
     107
      87
      97
      88
      82
      90
      76
      89
      84
     100
      92
      87
      86
      77
      82
      84
      81
      83
      80
      78
      67
      78
      88
      73
      80
      69
      73
      63
      90
      75
      67
      66
      51
      80
      55
      55
      66
      54
      58
      54
      64
      45
      46
      60
      39
      44
      54
      48
      44
      49
      38
      50
      34
      35
      35
      44
      36
      35
      39
      36
      40
      26
      34
      40
      32
      38
      43
      38
      32
      37
      36
      39
      37
      32
      35
      32
      32
      35
      34
      34
      31
      27
      43
      37
      29
      32
      22
      34
      24
      30
      30
      35
      25
      24
      30
      17
      29
      22
      36
      31
      23
      15
      26
      30
      27
      33
      31
      27
      22
      27
      23
      25
      25
      27
      19
      25
      23
      18
      23
      26
      19
      32
      32
      31
      32
      29
      26
      26
      25
      27
      31
      25
      25
      25
      30
      25
      36
      33
      36
      36
      28
      27
      26
      23
      35
      26
      28
      23
      24
      39
      28
      22
      22
      16
      18
      33
      31
      24
      20
      33
      34
      22
      29
      27
      22
      27
      30
      23
      25
      13
      36
      23
      23
      25
      21
      21
      34
      25
      20
      30
      20
      24
      31
      29
      25
      24
      34
      32
      24
      29
      35
      20
      28
      17
      35
      19
      17
      28
      25
      24
      29
      37
      26
      23
      24
      26
      22
      19
      25
      21
      25
      29
      29
      31
      28
      24
      27
      28
      29
      29
      25
      21
      25
      20
      24
      32
      28
      25
      27
      32
      21
      28
      29
      20
      23
      23
      21
      28
      14
      19
      26
      34
      24
      31
      26
      20
      22
      31
      23
      14
      24
      22
      25
      20
      20
      23
      31
      21
      18
      23
      18
      18
      25
      22
      27
      24
      24
      27
      23
      20
      19
      28
      25
      23
      21
      27
      28
      28
      29
      25
      30
      28
      15
      22
      20
      20
      19
      22
      19
      26
      17
      23
      28
      27
      28
      21
      28
      29
      35
      28
      23
      31
      21
      18
      12
      27
      19
      19
      24
      19
      21
      25
      21
      21
      24
      26
      26
      23
      20
      14
      27
      23
      22
      27
      23
      16
      27
      27
      19
      17
      20
      24
      22
      17
      18
      24
      18
      17
      25
      17
      26
      22
      26
      28
      17
      18
      21
      30
      15
      16
      27
      23
      18
      20
      30
      24
      16
      19
      23
      18
      24
      22
      22
      18
      21
      20
      18
      21
      16
      23
      16
      26
      17
      18
      15
      12
      20
      10
      31
      15
      17
      21
      19
      13
      19
      21
      14
      16
      23
      28
       9
      19
      14
      16
      16
      25
      10
      15
      16
      22
      13
      22
      19
      12
      18
      24
      14
      17
      16
      19
      22
      15
      17
      12
      20
      21
      19
       9
      26
      13
      14
      17
      14
      11
      14
      17
      13
       9
      11
      17
      17
      17
      14
      16
      15
      18
      17
      18
      16
      16
      16
      20
      17
      16
      15
      12
      19
      13
      11
      10
      15
      14
      11
      19
      12
      16
      11
      21
      17
      12
      20
      11
      18
      15
       9
      10
      15
      11
      13
      12
      17
      18
       8
      12
      14
      16
      14
      16
      15
       6
      12
      11
      27
      13
      14
      14
       9
      17
      11
      15
       8
      12
      10
       5
      12
      10
      12
      11
      10
       9
       7
       6
       9
      12
      12
      12
      10
       8
      15
      12
      10
      12
       9
      10
       6
       9
      16
       8
      14
      11
      11
       9
      12
       8
      13
       8
       7
       6
      13
      10
      10
      13
      12
      13
      13
      10
      15
      10
       5
       8
      11
      14
       8
       8
      11
       8
       6
       6
      11
      13
       8
      20
      11
       7
      10
      10
      12
       6
       8
      11
       4
      13
      12
      10
      12
      15
      11
       9
       8
      11
       6
      12
       8
       3
      11
       4
       9
      13
       4
      11
       7
       5
       6
       6
       9
       9
       9
       8
       6
       8
       8
      11
      12
      10
       4
       7
      12
       7
       9
       2
      14
       4
       9
      16
      14
       9
       8
      10
       7
       8
      15
       3
       8
       4
       9
       8
      10
       8
      10
       5
      11
       9
       8
       4
      14
       8
       6
       6
       8
      12
       4
       8
      12
       9
       8
      12
      10
       2
       6
       6
       5
      12
       9
       7
       8
      11
      10
       9
       9
       6
       7
       5
      11
       6
      11
       6
       7
      12
       9
       9
      13
       6
       4
       4
       5
       5
      11
      12
       4
       6
       7
       7
       4
       5
      11
       5
      13
       5
       8
       6
       9
      10
       4
       4
       8
       7
       7
       5
       5
       5
       7
       9
      10
       5
      10
       8
      12
       6
       7
       9
       5
       7
       5
       7
       7
       8
       9
       5
       5
       6
      11
       5
       8
       2
       8
       8
      10
      11
       7
       7
       8
       6
       9
       8
      11
       9
      11
       7
       6
       9
       8
       8
       4
      11
       7
       5
      12
       9
      11
       5
       2
       9
       5
       3
       5
       5
      10
       2
       7
      14
       8
      13
       7
       9
       3
       6
       6
       2
       5
       8
       5
       4
      10
       9
       3
       5
       5
       8
      10
       6
       6
       9
       9
       6
       5
       6
       8
       8
       6
       6
       5
       9
       9
      12
      12
       3
       7
       6
       4
       6
       9
       9
       6
      10
       9
       8
       7
       7
       6
       5
       6
       7
      11
       9
       8
       6
       7
       5
      10
      10
       5
       7
       6
       6
      14
      11
       6
       4
       8
       9
       9
       6
       3
       5
       4
      11
       5
       9
       7
      15
       5
      11
      10
       6
       8
       6
       6
       7
       9
      10
       7
       7
       5
       8
      10
       5
       9
       6
       8
       5
       7
       9
       7
       8
      12
      13
       7
       8
       8
       6
       9
       4
       9
       1
       9
       8
       8
       5
       8
       6
       9
      12
       9
       6
       9
       9
       7
       7
       4
       7
       7
       9
       7
       6
       3
       7
       7
       4
       3
       5
      12
       5
      12
       4
       8
       6
       4
       6
       0
       0
       0
       0
       0
       0
       0
       0
       0
       0
       0
       0
       0
       0
       0
       0
       0
       0
       0
       0
       0
       0
       0
       0
       0
       0
       0
       0
       0
       0
       0
       0
$ROI:
0
$PRESETS:
None
0
0
$ENER_FIT:
0.000000 0.376604
$MCA_CAL:
3
0.000000E+000 3.766040E-001 0.000000E+000 keV
$SHAPE_CAL:
3
9.515098E+001 0.000000E+000 0.000000E+000
