$SPEC_ID:
Target
$SPEC_REM:
DET# 1
DETDESC# JLAB-9 MCB 135
AP# Maestro Version 7.01
$DATE_MEA:
11/14/2022 15:25:26
$MEAS_TIM:
169 202
$DATA:
0 2047
       0
       0
       0
       0
       0
       0
       0
       0
       0
       0
       0
       0
       0
       0
       0
       0
       0
       0
       0
       0
       0
       0
       0
       0
       0
       0
       0
       0
       0
       0
       0
       0
       0
       0
       0
       0
       0
       0
       0
       0
       0
       0
       0
       0
       0
       0
       0
       0
       0
       0
       0
       0
       0
       0
       0
       0
       0
       0
      18
   28633
   43181
   47413
   51447
   53033
   52546
   49780
   46186
   40804
   35297
   29549
   25027
   20832
   16924
   14023
   11560
    9353
    7816
    6468
    5267
    4316
    3721
    3195
    2887
    2669
    2518
    2511
    2419
    2398
    2399
    2395
    2530
    2597
    2685
    2701
    2852
    3005
    3076
    3211
    3388
    3571
    3765
    3944
    4156
    4233
    4427
    4376
    4556
    4497
    4671
    4465
    4422
    4480
    4340
    4295
    4310
    4313
    4279
    4417
    4571
    4772
    5107
    5274
    5636
    5786
    5999
    6335
    6538
    6788
    6896
    6739
    6834
    6598
    6340
    6167
    5973
    5723
    5573
    5329
    5167
    5079
    4870
    4744
    4732
    4916
    4867
    5129
    5450
    5746
    6223
    6613
    7227
    8034
    8822
    9869
   10609
   11723
   12835
   14005
   14860
   15122
   16116
   16497
   16370
   16205
   15674
   14853
   14061
   13123
   11809
   10603
    9389
    8192
    6969
    6221
    5323
    4593
    3859
    3451
    2974
    2647
    2406
    2245
    2172
    2053
    2051
    2016
    1954
    1952
    1934
    1853
    1863
    1907
    1962
    1903
    1936
    1906
    1904
    2079
    2009
    1972
    2057
    2002
    1926
    2095
    2062
    2144
    2088
    2203
    2173
    2306
    2395
    2376
    2422
    2632
    2569
    2801
    2813
    3028
    3107
    3203
    3278
    3448
    3430
    3685
    3663
    3606
    3630
    3550
    3479
    3445
    3296
    3132
    3128
    2981
    2864
    2675
    2540
    2374
    2340
    2079
    2062
    1986
    1956
    1895
    1903
    1729
    1810
    1757
    1692
    1701
    1669
    1695
    1696
    1668
    1670
    1687
    1727
    1760
    1737
    1751
    1825
    1766
    1817
    1885
    1877
    1899
    1908
    1896
    2044
    1985
    1967
    2017
    2074
    2015
    2105
    2121
    2064
    2162
    2223
    2281
    2257
    2256
    2258
    2277
    2234
    2309
    2308
    2297
    2262
    2254
    2340
    2333
    2255
    2337
    2286
    2379
    2388
    2222
    2307
    2303
    2276
    2279
    2127
    2271
    2106
    2072
    2073
    2096
    2119
    2102
    1925
    1961
    2014
    2047
    2002
    1815
    1878
    1865
    1881
    1823
    1864
    1832
    1780
    1788
    1817
    1747
    1697
    1717
    1633
    1682
    1634
    1620
    1640
    1725
    1624
    1618
    1656
    1561
    1508
    1585
    1471
    1647
    1538
    1583
    1516
    1529
    1459
    1497
    1478
    1514
    1517
    1459
    1479
    1481
    1387
    1504
    1448
    1430
    1421
    1447
    1437
    1379
    1358
    1302
    1399
    1390
    1359
    1346
    1351
    1334
    1294
    1258
    1253
    1250
    1240
    1206
    1192
    1205
    1192
    1247
    1149
    1142
    1187
    1132
    1163
    1172
    1109
    1153
    1152
    1093
    1053
    1102
    1100
    1149
    1042
    1098
    1032
    1025
    1056
    1053
    1080
    1025
    1036
    1049
    1022
    1049
    1042
    1002
    1014
     984
    1007
    1024
     987
    1024
     981
     945
     976
    1023
     994
    1002
     983
     967
    1000
     957
     962
     923
     950
     955
     946
     960
     942
     999
     956
     934
     933
     850
     886
     942
     979
     922
     903
     892
     955
     921
     946
     890
     971
     921
     902
     937
     862
     878
     978
     962
     928
     868
     965
     947
     944
     925
     959
     948
     964
     931
     957
     987
     983
    1024
     965
    1026
    1110
    1090
    1171
    1087
    1043
    1135
    1135
    1234
    1137
    1227
    1347
    1284
    1250
    1253
    1419
    1340
    1352
    1419
    1412
    1486
    1461
    1391
    1466
    1448
    1524
    1544
    1449
    1506
    1633
    1532
    1624
    1657
    1572
    1564
    1570
    1684
    1724
    1684
    1686
    1693
    1686
    1661
    1787
    1772
    1863
    1818
    1824
    1923
    1994
    1895
    1962
    1922
    1959
    1989
    2063
    2055
    2163
    2066
    2192
    2180
    2219
    2232
    2291
    2222
    2240
    2361
    2375
    2359
    2371
    2423
    2336
    2348
    2518
    2488
    2422
    2431
    2379
    2595
    2506
    2441
    2436
    2436
    2533
    2377
    2351
    2477
    2391
    2353
    2380
    2408
    2338
    2240
    2262
    2323
    2335
    2256
    2180
    2090
    2132
    2116
    2075
    2057
    2052
    1956
    1998
    2012
    1917
    1909
    1923
    1880
    1925
    1905
    1922
    1938
    1910
    1904
    2000
    1993
    1952
    2010
    2036
    2121
    2179
    2175
    2323
    2262
    2433
    2517
    2574
    2564
    2755
    2789
    2962
    2947
    3060
    3187
    3312
    3405
    3457
    3542
    3689
    3834
    3820
    3902
    3901
    4230
    4126
    4378
    4293
    4404
    4579
    4537
    4736
    4631
    4824
    4815
    5015
    4962
    4985
    5145
    5051
    5285
    5365
    5164
    5348
    5340
    5287
    5218
    5388
    5320
    5357
    5433
    5152
    5341
    5177
    5149
    5231
    5048
    4955
    5056
    4989
    4931
    4865
    4856
    4549
    4520
    4682
    4513
    4412
    4334
    4204
    4147
    4043
    4021
    3984
    3884
    3780
    3681
    3563
    3570
    3542
    3498
    3489
    3297
    3226
    3180
    3123
    3033
    2967
    2917
    2834
    2796
    2809
    2655
    2732
    2696
    2631
    2639
    2595
    2585
    2500
    2498
    2486
    2466
    2430
    2441
    2518
    2375
    2312
    2403
    2343
    2315
    2245
    2276
    2229
    2252
    2181
    2191
    2117
    2056
    2080
    1923
    2097
    1914
    1946
    1867
    1788
    1874
    1844
    1789
    1671
    1713
    1645
    1578
    1574
    1504
    1413
    1408
    1437
    1347
    1329
    1276
    1301
    1235
    1247
    1187
    1133
    1163
    1075
    1089
    1041
     987
    1050
     948
     965
     927
     939
     940
     889
     854
     829
     909
     877
     901
     871
     868
     811
     773
     889
     871
     865
     791
     842
     824
     834
     858
     807
     886
     870
     839
     800
     851
     786
     779
     817
     920
     828
     891
     847
     918
     832
     876
     845
     839
     864
     876
     836
     872
     886
     785
     863
     866
     830
     862
     847
     792
     820
     818
     830
     757
     760
     823
     774
     788
     769
     714
     708
     732
     752
     689
     759
     699
     661
     713
     636
     662
     630
     650
     602
     554
     558
     529
     516
     598
     525
     524
     496
     537
     505
     455
     486
     425
     448
     410
     420
     364
     382
     395
     383
     360
     369
     307
     338
     327
     320
     313
     274
     293
     302
     279
     275
     283
     257
     267
     303
     246
     260
     257
     263
     267
     264
     234
     250
     262
     234
     218
     221
     214
     241
     221
     232
     226
     221
     213
     202
     220
     214
     206
     187
     218
     208
     204
     188
     218
     184
     193
     197
     170
     173
     190
     172
     155
     187
     219
     165
     181
     176
     143
     157
     171
     148
     150
     163
     144
     151
     144
     128
     133
     159
     131
     117
     148
     160
     123
     140
     154
     125
     150
     125
     141
     125
     126
     121
     134
     127
     116
     119
     132
     132
     113
     100
     119
     109
      97
     102
     118
     119
     109
      96
      92
      91
      95
      91
      96
      99
      72
     104
     104
     102
      91
      85
      90
      93
      94
      93
      89
     101
      73
      82
      91
      79
      81
     100
      90
      84
      94
      81
      90
      83
      87
      81
      79
      98
      91
      76
      88
      77
      87
      87
      68
      68
      71
      77
      82
      71
      51
      68
      70
      85
      92
      88
      59
      65
      55
      60
      55
      55
      62
      57
      86
      63
      93
      75
      78
      67
      73
      65
      87
      54
      67
      64
      74
      62
      62
      65
      71
      59
      72
      85
      71
      69
      77
      81
      73
      66
      78
      68
      52
      57
      61
      57
      69
      70
      68
      57
      63
      58
      61
      71
      68
      66
      54
      72
      60
      62
      57
      70
      73
      67
      66
      60
      65
      76
      70
      65
      62
      70
      65
      69
      69
      62
      46
      54
      61
      54
      60
      70
      71
      62
      63
      55
      58
      66
      65
      64
      74
      47
      54
      69
      64
      55
      51
      71
      58
      71
      55
      47
      58
      66
      62
      53
      61
      37
      61
      63
      55
      63
      56
      56
      53
      67
      74
      75
      52
      80
      63
      59
      60
      64
      57
      70
      67
      83
      60
      57
      57
      44
      66
      70
      76
      61
      62
      47
      64
      60
      53
      57
      61
      59
      59
      67
      70
      67
      59
      61
      79
      69
      61
      56
      80
      70
      76
      63
      69
      52
      67
      59
      68
      64
      70
      58
      65
      60
      53
      60
      70
      76
      64
      54
      59
      62
      45
      61
      59
      56
      68
      57
      62
      66
      59
      56
      54
      56
      49
      58
      55
      55
      61
      59
      65
      54
      60
      56
      58
      58
      60
      47
      52
      66
      54
      69
      51
      66
      60
      47
      64
      45
      47
      45
      43
      40
      50
      49
      49
      45
      42
      38
      48
      39
      56
      45
      50
      46
      53
      47
      40
      34
      49
      47
      45
      57
      39
      47
      46
      33
      45
      46
      39
      51
      50
      37
      40
      48
      48
      43
      45
      49
      50
      40
      48
      45
      32
      25
      40
      44
      43
      46
      45
      33
      39
      39
      38
      37
      46
      38
      27
      37
      34
      46
      47
      30
      29
      30
      28
      36
      40
      34
      37
      45
      38
      34
      37
      42
      36
      29
      25
      42
      29
      42
      36
      28
      29
      34
      40
      39
      33
      37
      27
      30
      31
      35
      26
      39
      25
      37
      27
      33
      31
      35
      36
      28
      34
      29
      37
      25
      37
      32
      39
      30
      30
      29
      32
      29
      29
      28
      35
      34
      28
      27
      24
      28
      28
      23
      24
      22
      25
      22
      23
      23
      23
      22
      25
      23
      30
      21
      22
      20
      22
      34
      21
      27
      27
      28
      32
      32
      25
      14
      23
      24
      18
      22
      18
      19
      16
      14
      17
      22
      19
      21
      14
      25
      20
      14
      21
      19
      17
      16
      25
      21
      24
      17
      19
      12
      20
      18
      26
      18
      14
      15
      24
      22
      28
      13
      15
      20
      16
      11
      20
      15
      23
      17
      15
      13
      14
      13
      14
      11
      17
      17
      12
      15
      20
      21
      15
      16
      15
      13
      18
      17
       5
      16
      16
      13
      12
      11
      17
      14
      17
      13
      12
      13
      10
       9
       8
      11
      10
      14
      13
       9
      12
      10
       8
      13
      15
       9
       9
       9
      15
       8
      15
      15
      13
      10
       9
      15
      14
      11
      12
       9
      12
       9
       9
       8
      13
      10
      14
       9
       7
       8
       9
       7
       5
      14
       5
       8
      10
       9
      13
       9
       7
      12
       8
       8
      12
       7
      17
      10
       7
      12
       7
       9
       8
       7
      10
       8
       9
      16
       5
      12
       7
       9
      11
       6
      10
       5
      13
      10
      11
      12
      11
       8
       5
       4
      10
       9
       5
       9
       8
       9
       6
       9
       4
       7
       7
       6
       5
       9
       2
       7
      10
      10
       8
       7
       8
       2
       5
       7
      14
       5
      10
       8
      10
       6
      10
       3
      11
       6
       8
       5
       6
       9
       5
       5
      10
       8
      12
       7
       8
       8
       6
       6
      11
       6
       7
       6
       6
       7
       8
       2
       5
      10
       9
       9
       6
       8
       7
       3
       8
       4
      12
       5
       6
       9
      11
       5
       7
       2
       8
       8
      10
       6
       3
       5
       7
       9
       4
       9
      10
       9
       7
       4
       5
      10
       8
       7
      12
       8
       3
       6
       4
       6
       5
       6
       9
       9
       5
       6
       5
       6
       6
       7
       5
       3
       8
       6
       9
       3
      10
      13
       8
       3
       8
       5
       5
       5
       6
      11
       7
       2
       5
       3
       6
       1
       5
       7
       3
       2
       4
       7
       8
       6
       4
       6
       5
       3
       5
       2
       4
       4
       7
       3
       4
       6
       7
       7
       4
       6
       5
       6
       9
       4
       5
       5
       6
       7
      10
       5
       6
       6
       5
       5
       9
       7
       8
       6
       6
       5
       2
       7
       8
       4
       7
       7
       6
       5
       5
       3
       4
       5
       4
       6
       4
       6
       5
       3
       5
       6
       8
       2
       2
       4
       7
       4
       5
       1
       2
       3
       1
       2
       6
       2
       5
       2
       3
       3
       3
       6
       8
       4
       4
       6
       5
       4
       1
       5
       1
       1
       5
       5
       8
       4
       6
       7
       6
       3
       6
       5
       4
       4
       5
       3
       1
       5
       4
       2
       3
      13
       2
       3
       5
       2
       4
       3
       3
       2
       5
       4
       3
       7
       2
       3
       2
       1
       4
       2
       5
       7
       5
       4
       3
       2
       6
       0
       2
       3
       6
       6
       6
       4
       2
       2
       4
       5
       4
       4
       2
       3
       5
       4
       1
       1
       6
       5
       3
       4
       2
       1
       5
       1
       6
       3
       4
       5
       1
       4
       2
       4
       2
       3
       4
       5
       6
       5
       5
       0
       2
       5
       3
       3
       1
       6
       3
       2
       1
       2
       1
       6
       4
       0
       3
       3
       0
       3
       2
       4
       6
       1
       6
       4
       2
       2
       3
       3
       4
       3
       0
       5
       3
       6
       5
       2
       2
       5
       2
       1
       3
       4
       2
       5
       5
       5
       4
       2
       3
       1
       5
       3
       2
       2
       3
       6
       2
       4
       5
       8
       4
       1
       4
       1
       5
       3
       0
       7
       2
       3
       1
       6
       3
       4
       4
       4
       1
       3
       4
       6
       5
       4
       4
       3
       1
       1
       5
       3
       2
       5
       1
       6
       2
       5
       5
       1
       5
       1
       1
       5
       5
       4
       2
       5
       0
       2
       1
       2
       4
       2
       5
       6
       1
       2
       2
       5
       6
       6
       2
       5
       5
       5
       2
       2
       0
       2
       4
       2
       1
       5
       4
       4
       4
       2
       1
       4
       3
      10
       1
       1
       3
       1
       5
       3
       2
       2
       2
       2
       4
       0
       2
       0
       1
       2
       0
       5
       3
       4
       4
       3
       1
       3
       0
       3
       5
       0
       1
       2
       3
       3
       3
       2
       2
       2
       6
       0
       2
       3
       2
       1
       2
       1
       5
       6
       1
       0
       5
       5
       2
       3
       1
       1
       4
       0
       5
       4
       5
       2
       3
       2
       1
       0
       0
       0
       0
       0
       0
       0
       0
       0
       0
       0
       0
       0
       0
       0
       0
       0
       0
       0
       0
       0
       0
       0
       0
       0
       0
       0
       0
       0
       0
       0
       0
$ROI:
0
$PRESETS:
None
0
0
$ENER_FIT:
0.000000 0.376289
$MCA_CAL:
3
0.000000E+000 3.762887E-001 0.000000E+000 keV
$SHAPE_CAL:
3
1.061399E+002 0.000000E+000 0.000000E+000
