$SPEC_ID:
Target
$SPEC_REM:
DET# 1
DETDESC# JLAB-9 MCB 135
AP# Maestro Version 7.01
$DATE_MEA:
11/14/2022 14:58:38
$MEAS_TIM:
93 116
$DATA:
0 2047
       0
       0
       0
       0
       0
       0
       0
       0
       0
       0
       0
       0
       0
       0
       0
       0
       0
       0
       0
       0
       0
       0
       0
       0
       0
       0
       0
       0
       0
       0
       0
       0
       0
       0
       0
       0
       0
       0
       0
       0
       0
       0
       0
       0
       0
       0
       0
       0
       0
       0
       0
       0
       0
       0
       0
       0
       0
       3
      21
     539
     591
     595
     536
     516
     500
     463
     463
     393
     427
     424
     391
     390
     402
     364
     375
     363
     379
     361
     361
     325
     363
     366
     351
     344
     371
     357
     349
     368
     378
     364
     398
     351
     375
     379
     372
     358
     368
     394
     365
     395
     383
     383
     340
     407
     392
     435
     411
     412
     404
     401
     429
     362
     374
     398
     429
     426
     427
     408
     442
     430
     452
     423
     480
     461
     479
     493
     478
     455
     483
     484
     485
     492
     525
     512
     513
     488
     546
     553
     519
     559
     514
     523
     581
     589
     510
     581
     589
     551
     608
     579
     605
     619
     625
     625
     636
     589
     669
     617
     673
     654
     669
     659
     624
     626
     641
     713
     664
     719
     657
     667
     661
     701
     730
     723
     704
     766
     724
     710
     754
     806
     726
     764
     804
     776
     777
     795
     843
     868
     857
     847
     885
     885
     891
     947
     936
     895
     958
     947
     998
     974
    1033
    1013
    1097
    1095
    1077
    1128
    1164
    1155
    1250
    1243
    1314
    1288
    1355
    1360
    1473
    1503
    1526
    1581
    1665
    1618
    1747
    1770
    1821
    1897
    2025
    2035
    2119
    2086
    2224
    2324
    2466
    2574
    2744
    2758
    2898
    2949
    3080
    3191
    3463
    3576
    3743
    3868
    4199
    4281
    4448
    4588
    4670
    4924
    4990
    5188
    5448
    5568
    5871
    6024
    6012
    6301
    6406
    6657
    6523
    6658
    6879
    7004
    6926
    6946
    7035
    7094
    7037
    7067
    6944
    7034
    6832
    6730
    6652
    6583
    6425
    6417
    6153
    6021
    5665
    5733
    5478
    5292
    5194
    5011
    4666
    4605
    4339
    4254
    3974
    3865
    3729
    3464
    3290
    3186
    3116
    2965
    2753
    2630
    2542
    2338
    2299
    2266
    2076
    1955
    1898
    1909
    1678
    1623
    1643
    1530
    1443
    1334
    1266
    1282
    1167
    1172
    1125
    1076
     927
     940
     880
     873
     749
     798
     765
     742
     645
     681
     646
     565
     610
     542
     553
     480
     483
     466
     425
     439
     430
     393
     371
     381
     342
     391
     362
     345
     338
     359
     340
     333
     331
     305
     326
     326
     325
     305
     314
     295
     344
     297
     306
     319
     328
     363
     283
     337
     301
     361
     330
     299
     337
     351
     318
     321
     371
     357
     316
     316
     352
     377
     353
     372
     402
     360
     367
     389
     350
     407
     394
     408
     395
     385
     387
     383
     389
     438
     400
     445
     449
     429
     438
     419
     448
     457
     434
     452
     424
     466
     502
     506
     471
     465
     507
     494
     501
     525
     470
     504
     514
     521
     540
     521
     529
     560
     557
     521
     510
     590
     576
     602
     577
     545
     597
     584
     592
     603
     660
     574
     591
     612
     534
     563
     582
     585
     622
     617
     624
     647
     632
     599
     651
     592
     620
     614
     617
     619
     656
     618
     556
     622
     628
     633
     561
     652
     615
     586
     606
     579
     593
     579
     554
     594
     585
     616
     603
     569
     622
     569
     626
     572
     560
     592
     587
     548
     614
     624
     644
     564
     597
     643
     612
     603
     633
     648
     645
     703
     628
     648
     710
     677
     659
     705
     692
     717
     712
     722
     748
     739
     747
     756
     795
     754
     853
     779
     789
     787
     792
     784
     814
     863
     841
     829
     872
     833
     833
     873
     886
     871
     850
     833
     932
     932
     884
     846
     863
     863
     937
     859
     901
     917
     940
     864
     842
     828
     856
     850
     862
     837
     856
     861
     853
     849
     870
     806
     796
     770
     809
     839
     782
     767
     744
     771
     774
     790
     730
     735
     781
     722
     718
     683
     715
     706
     694
     685
     733
     700
     697
     695
     653
     664
     693
     656
     657
     668
     678
     649
     667
     716
     708
     708
     640
     712
     665
     661
     681
     694
     677
     678
     707
     725
     720
     755
     711
     709
     736
     731
     822
     779
     826
     772
     888
     783
     819
     838
     864
     864
     894
     917
     942
     928
    1005
     972
    1026
    1065
    1055
    1063
    1093
    1168
    1134
    1228
    1196
    1228
    1205
    1239
    1329
    1405
    1348
    1308
    1475
    1468
    1526
    1506
    1510
    1619
    1618
    1593
    1634
    1789
    1762
    1711
    1815
    1819
    1802
    1832
    1881
    1943
    1916
    2001
    1966
    2037
    2092
    2006
    2058
    2042
    2133
    2137
    2085
    2168
    2180
    2141
    2180
    2211
    2147
    2089
    2241
    2258
    2122
    2163
    2171
    2211
    2158
    2096
    2079
    2065
    2046
    1993
    1898
    1882
    1907
    1863
    1854
    1898
    1799
    1761
    1709
    1632
    1592
    1596
    1538
    1565
    1458
    1405
    1410
    1340
    1317
    1271
    1292
    1200
    1159
    1115
    1091
    1074
    1037
     988
     965
     906
     871
     856
     834
     834
     753
     766
     777
     648
     674
     624
     615
     592
     568
     585
     560
     519
     504
     481
     483
     420
     411
     427
     365
     396
     383
     370
     349
     334
     337
     345
     333
     313
     334
     265
     322
     332
     291
     320
     296
     269
     298
     265
     284
     293
     270
     258
     260
     248
     243
     241
     269
     235
     260
     274
     271
     284
     240
     260
     253
     279
     259
     218
     265
     233
     248
     271
     261
     244
     236
     250
     255
     236
     279
     253
     265
     242
     259
     274
     265
     236
     241
     231
     271
     267
     252
     281
     253
     280
     247
     263
     254
     265
     269
     264
     272
     269
     260
     283
     251
     269
     282
     273
     256
     257
     253
     245
     313
     251
     277
     295
     269
     272
     282
     292
     289
     261
     266
     244
     260
     257
     255
     304
     274
     262
     267
     269
     268
     282
     272
     266
     278
     297
     281
     290
     271
     273
     257
     270
     286
     294
     280
     275
     310
     275
     301
     293
     285
     306
     285
     293
     330
     307
     298
     284
     334
     344
     338
     285
     297
     296
     354
     354
     350
     357
     371
     358
     358
     369
     358
     333
     358
     339
     371
     357
     357
     344
     387
     364
     398
     396
     408
     398
     369
     392
     379
     396
     447
     421
     390
     433
     416
     396
     407
     439
     418
     457
     422
     474
     472
     428
     415
     455
     460
     451
     452
     438
     468
     435
     428
     468
     433
     475
     465
     504
     437
     473
     435
     502
     487
     432
     473
     484
     434
     477
     469
     410
     477
     464
     459
     407
     452
     438
     456
     463
     428
     409
     424
     465
     412
     434
     417
     442
     421
     394
     383
     383
     395
     429
     361
     413
     389
     372
     340
     383
     375
     413
     339
     363
     352
     351
     340
     337
     338
     335
     311
     317
     351
     287
     345
     307
     324
     319
     237
     306
     310
     277
     299
     295
     301
     243
     273
     275
     257
     263
     253
     230
     260
     259
     254
     260
     265
     243
     231
     256
     257
     239
     236
     248
     244
     241
     223
     228
     204
     252
     231
     249
     235
     221
     235
     214
     231
     210
     238
     233
     207
     228
     214
     225
     236
     218
     228
     242
     215
     237
     256
     236
     232
     213
     245
     236
     196
     202
     195
     243
     222
     208
     252
     236
     228
     242
     240
     226
     234
     220
     231
     230
     228
     241
     228
     245
     243
     238
     228
     246
     253
     241
     253
     253
     228
     252
     237
     251
     238
     259
     252
     234
     242
     250
     253
     214
     206
     240
     259
     241
     256
     227
     265
     255
     258
     241
     251
     271
     253
     256
     242
     242
     269
     246
     265
     274
     240
     250
     266
     251
     266
     252
     281
     270
     252
     269
     259
     277
     244
     281
     269
     270
     269
     282
     263
     250
     263
     264
     277
     291
     269
     293
     273
     252
     252
     266
     260
     263
     315
     288
     285
     258
     259
     271
     290
     300
     302
     280
     274
     251
     286
     264
     317
     276
     297
     283
     277
     286
     289
     317
     303
     308
     294
     273
     299
     309
     293
     307
     310
     316
     292
     316
     304
     316
     252
     297
     295
     316
     295
     304
     288
     308
     311
     289
     320
     312
     302
     290
     301
     324
     325
     284
     295
     274
     315
     296
     310
     315
     314
     284
     303
     322
     287
     323
     339
     304
     310
     299
     317
     315
     323
     304
     310
     308
     314
     310
     268
     306
     286
     295
     304
     299
     312
     293
     320
     307
     329
     300
     283
     279
     307
     300
     328
     316
     330
     309
     317
     285
     296
     285
     307
     332
     289
     331
     313
     298
     288
     297
     279
     287
     302
     278
     290
     286
     286
     265
     274
     304
     277
     307
     300
     277
     287
     261
     302
     294
     253
     272
     278
     250
     278
     264
     290
     256
     264
     284
     267
     312
     264
     298
     279
     263
     273
     266
     274
     258
     263
     256
     273
     286
     287
     285
     283
     252
     271
     258
     253
     269
     287
     264
     257
     249
     247
     261
     236
     272
     242
     271
     289
     243
     230
     265
     285
     252
     242
     249
     236
     262
     233
     261
     244
     240
     245
     239
     264
     243
     254
     249
     244
     237
     223
     216
     239
     258
     203
     235
     234
     247
     220
     225
     239
     237
     247
     223
     239
     220
     238
     219
     247
     216
     244
     216
     220
     235
     207
     252
     202
     212
     211
     197
     231
     204
     199
     204
     224
     248
     194
     230
     220
     216
     208
     231
     212
     224
     208
     214
     223
     211
     222
     207
     210
     207
     227
     192
     206
     220
     220
     210
     193
     229
     202
     210
     220
     202
     196
     226
     191
     193
     201
     218
     239
     205
     205
     220
     193
     223
     200
     208
     238
     227
     213
     227
     212
     200
     219
     171
     204
     214
     205
     191
     241
     200
     177
     207
     189
     238
     208
     204
     195
     208
     226
     196
     214
     214
     197
     173
     192
     210
     198
     195
     182
     215
     189
     213
     202
     197
     213
     198
     233
     191
     206
     177
     208
     185
     205
     208
     205
     190
     199
     203
     190
     190
     187
     195
     175
     192
     186
     235
     166
     187
     192
     198
     179
     163
     185
     193
     193
     207
     194
     178
     198
     187
     169
     176
     199
     233
     178
     181
     201
     215
     190
     211
     182
     176
     172
     165
     161
     192
     174
     190
     172
     142
     185
     182
     194
     199
     197
     184
     194
     193
     214
     180
     165
     191
     182
     191
     162
     175
     186
     183
     156
     171
     190
     167
     183
     179
     170
     173
     186
     158
     163
     176
     193
     157
     155
     160
     172
     167
     185
     170
     155
     167
     157
     176
     176
     175
     146
     179
     126
     165
     162
     158
     171
     172
     155
     155
     157
     160
     155
     151
     165
     181
     163
     155
     173
     148
     140
     152
     156
     144
     153
     164
     166
     163
     157
     157
     144
     171
     148
     141
     159
     164
     152
     168
     173
     148
     138
     147
     134
     160
     153
     152
     164
     152
     152
     150
     139
     152
     137
     148
     147
     148
     156
     156
     139
     152
     131
     131
     160
     159
     132
     140
     138
     132
     134
     136
     157
     133
     138
     139
     154
     115
     120
     114
     164
     137
     145
     138
     142
     152
     124
     141
     146
     135
     142
     126
     168
     148
     158
     167
     127
     143
     147
     115
     122
     141
     150
     131
     137
     124
     127
     151
     123
     137
     162
     121
     128
     130
     148
     129
     133
     142
     137
     131
     150
     120
     121
     135
     144
     145
     140
     134
     124
     141
     138
     165
     125
     133
     138
     145
     131
     125
     111
     128
     122
     146
     148
     133
     152
     141
     150
     155
     126
     129
     135
     140
     133
     138
     122
     144
     139
     143
     131
     122
     134
     135
     129
     147
     148
     136
     135
     111
     143
     123
     138
     152
     127
     124
     127
     135
     135
     139
     148
     140
     139
     128
     131
     113
     138
     120
     120
     113
     115
     118
     124
     132
     127
     120
     135
     139
     132
     121
     127
     129
     135
     116
     119
     121
     136
     124
     125
     130
     120
     136
     133
     126
     116
     118
     110
     115
     129
     131
     137
     139
     129
     122
     134
     125
     136
     120
     137
     102
     121
     121
     124
     147
     131
     124
     128
     125
     129
     132
     141
     114
     120
     105
     133
     108
     127
     101
     128
     108
     143
     114
     116
     111
     130
     132
     132
     120
     117
     121
     119
     121
     115
     137
     114
     126
     118
     139
     110
     127
     146
     131
     118
     120
     134
     137
     105
     125
     110
     104
     141
     112
     119
     121
     121
     126
     121
     106
     119
     136
     131
     118
     111
     127
     113
     127
     116
     121
     108
     119
     113
     119
     129
     127
     111
     113
     129
     135
     113
     120
     134
     114
     139
     120
     123
     120
     114
     129
     122
     123
     128
     121
     108
     125
     122
     122
     105
     148
     118
     116
     114
     130
     111
     106
     134
     144
     112
     134
     108
     119
     113
     124
     104
     127
     107
     115
     115
     127
     119
     117
     119
     111
     125
     119
     111
     131
     117
     122
     123
     125
     137
     128
     140
     139
     128
     150
     129
     123
     123
     130
     138
     118
     138
     132
     134
     152
     145
     146
     136
     122
     130
     136
     134
     156
     134
     141
     136
     132
     143
     108
     151
     145
     104
     147
     136
     135
     141
     134
     147
     130
     171
     130
     145
     147
     150
     147
     138
     129
     120
     137
     136
     159
     156
     144
     139
     144
     143
     154
     149
     155
     150
     150
     158
     159
     144
     169
     150
     147
     143
     141
     169
     156
     159
     158
     180
     173
     158
     168
     154
     156
     158
     174
     119
     157
     142
     164
     165
     159
     193
     156
     164
     182
     165
     177
     163
     161
     170
     159
     186
     171
     190
     180
     166
     168
     184
     173
     191
     168
     191
     189
     196
     160
     192
     167
       0
       0
       0
       0
       0
       0
       0
       0
       0
       0
       0
       0
       0
       0
       0
       0
       0
       0
       0
       0
       0
       0
       0
       0
       0
       0
       0
       0
       0
       0
       0
       0
$ROI:
0
$PRESETS:
None
0
0
$ENER_FIT:
0.000000 0.376289
$MCA_CAL:
3
0.000000E+000 3.762887E-001 0.000000E+000 keV
$SHAPE_CAL:
3
1.061399E+002 0.000000E+000 0.000000E+000
