$SPEC_ID:
Scatter
$SPEC_REM:
DET# 2
DETDESC# JLAB-9 MCB 136
AP# Maestro Version 7.01
$DATE_MEA:
11/14/2022 15:39:23
$MEAS_TIM:
222 260
$DATA:
0 2047
       0
       0
       0
       0
       0
       0
       0
       0
       0
       0
       0
       0
       0
       0
       0
       0
       0
       0
       0
       0
       0
       0
       0
       0
       0
       0
       0
       0
       0
       0
       0
       0
       0
       0
       0
       0
       0
       0
       0
       0
       0
       0
       0
       0
       0
       0
       0
       0
       0
       0
       0
       0
       0
       0
       0
       0
       0
       0
       0
       0
       0
       0
       0
       0
       0
       0
       0
       0
       0
       0
       0
       0
       0
       0
       0
       0
       0
       0
       0
       2
      24
    2512
    8176
    7594
    6860
    6319
    5704
    5232
    4647
    4163
    3773
    3437
    3153
    2867
    2684
    2485
    2281
    2106
    2017
    1887
    1823
    1749
    1712
    1640
    1714
    1680
    1665
    1631
    1586
    1623
    1706
    1617
    1601
    1562
    1592
    1543
    1590
    1689
    1635
    1627
    1618
    1626
    1535
    1539
    1637
    1569
    1588
    1547
    1616
    1653
    1626
    1726
    1632
    1584
    1569
    1639
    1688
    1663
    1536
    1672
    1649
    1595
    1599
    1581
    1605
    1613
    1609
    1655
    1611
    1673
    1600
    1661
    1562
    1694
    1582
    1623
    1614
    1679
    1626
    1657
    1630
    1632
    1617
    1598
    1580
    1605
    1645
    1734
    1671
    1636
    1673
    1660
    1586
    1663
    1639
    1714
    1708
    1717
    1629
    1624
    1593
    1605
    1656
    1642
    1620
    1630
    1706
    1572
    1684
    1626
    1661
    1590
    1613
    1615
    1637
    1664
    1645
    1648
    1620
    1616
    1665
    1680
    1597
    1588
    1604
    1648
    1662
    1661
    1638
    1683
    1665
    1585
    1696
    1599
    1664
    1620
    1636
    1645
    1700
    1699
    1683
    1637
    1604
    1651
    1629
    1611
    1644
    1666
    1700
    1600
    1625
    1629
    1660
    1651
    1696
    1678
    1631
    1714
    1674
    1664
    1587
    1673
    1643
    1658
    1646
    1658
    1689
    1704
    1667
    1673
    1671
    1730
    1647
    1677
    1742
    1693
    1629
    1687
    1698
    1755
    1725
    1635
    1657
    1700
    1701
    1683
    1656
    1679
    1695
    1755
    1701
    1807
    1780
    1717
    1687
    1718
    1803
    1664
    1723
    1748
    1691
    1805
    1708
    1718
    1806
    1751
    1672
    1740
    1703
    1761
    1761
    1758
    1862
    1703
    1802
    1749
    1771
    1769
    1767
    1763
    1773
    1694
    1655
    1772
    1719
    1857
    1737
    1736
    1776
    1778
    1708
    1790
    1706
    1800
    1750
    1712
    1778
    1834
    1741
    1712
    1760
    1701
    1828
    1771
    1800
    1840
    1800
    1848
    1776
    1755
    1824
    1714
    1789
    1759
    1848
    1861
    1831
    1780
    1789
    1756
    1806
    1808
    1709
    1695
    1843
    1855
    1790
    1828
    1833
    1784
    1822
    1787
    1808
    1856
    1846
    1812
    1855
    1808
    1844
    1805
    1868
    1815
    1824
    1862
    1814
    1928
    1873
    1807
    1840
    1789
    1896
    1865
    1955
    1831
    1946
    1909
    1920
    1837
    1935
    1935
    1841
    1832
    1960
    1986
    1956
    1897
    1938
    1972
    2043
    2049
    2024
    1991
    2019
    1961
    2144
    2011
    2131
    2084
    2129
    2143
    2167
    2245
    2255
    2228
    2254
    2308
    2321
    2337
    2309
    2277
    2364
    2486
    2420
    2455
    2438
    2499
    2485
    2618
    2533
    2622
    2534
    2630
    2604
    2576
    2589
    2644
    2704
    2728
    2730
    2695
    2701
    2695
    2668
    2683
    2653
    2645
    2610
    2745
    2623
    2673
    2692
    2627
    2665
    2589
    2673
    2609
    2621
    2589
    2578
    2592
    2602
    2614
    2506
    2481
    2566
    2539
    2593
    2541
    2379
    2515
    2410
    2556
    2524
    2329
    2393
    2376
    2412
    2369
    2366
    2348
    2400
    2332
    2322
    2355
    2335
    2247
    2240
    2286
    2329
    2286
    2244
    2221
    2301
    2275
    2266
    2196
    2162
    2187
    2242
    2079
    2176
    2124
    2137
    2120
    2074
    2128
    2203
    2116
    2089
    2071
    2157
    2113
    2073
    2062
    2082
    2102
    2152
    2021
    1985
    2025
    2045
    1989
    2065
    2057
    2019
    2032
    2078
    1957
    2009
    1999
    2016
    1971
    1901
    1979
    1950
    1954
    1923
    1962
    1905
    1878
    2001
    1924
    1820
    1921
    1930
    1859
    1858
    1863
    1855
    1855
    1889
    1900
    1813
    1922
    1811
    1914
    1802
    1804
    1847
    1804
    1874
    1775
    1812
    1861
    1777
    1864
    1836
    1920
    1861
    1861
    1896
    1804
    1729
    1767
    1900
    1763
    1744
    1821
    1793
    1734
    1751
    1697
    1785
    1710
    1808
    1781
    1801
    1815
    1626
    1707
    1711
    1711
    1682
    1748
    1789
    1771
    1728
    1777
    1730
    1795
    1747
    1715
    1693
    1689
    1743
    1735
    1693
    1696
    1657
    1772
    1676
    1705
    1658
    1636
    1735
    1604
    1623
    1717
    1749
    1606
    1672
    1691
    1664
    1665
    1669
    1696
    1673
    1713
    1647
    1721
    1585
    1662
    1663
    1650
    1658
    1673
    1625
    1674
    1653
    1751
    1663
    1657
    1625
    1699
    1595
    1680
    1624
    1664
    1699
    1597
    1589
    1663
    1619
    1619
    1633
    1600
    1665
    1580
    1663
    1556
    1648
    1666
    1520
    1621
    1607
    1588
    1632
    1564
    1632
    1665
    1680
    1613
    1595
    1663
    1635
    1582
    1615
    1684
    1656
    1600
    1638
    1602
    1587
    1645
    1600
    1669
    1561
    1641
    1543
    1511
    1624
    1604
    1601
    1581
    1659
    1571
    1603
    1563
    1612
    1587
    1630
    1638
    1589
    1585
    1571
    1613
    1542
    1546
    1559
    1640
    1530
    1647
    1620
    1598
    1531
    1556
    1531
    1527
    1621
    1580
    1500
    1613
    1545
    1588
    1540
    1539
    1578
    1518
    1557
    1554
    1517
    1579
    1543
    1571
    1592
    1570
    1488
    1521
    1494
    1582
    1618
    1543
    1589
    1503
    1555
    1552
    1528
    1473
    1526
    1520
    1601
    1546
    1563
    1522
    1567
    1515
    1522
    1503
    1518
    1536
    1588
    1480
    1560
    1588
    1594
    1586
    1483
    1525
    1566
    1529
    1491
    1527
    1509
    1499
    1575
    1521
    1568
    1500
    1467
    1593
    1545
    1489
    1509
    1534
    1563
    1506
    1505
    1590
    1501
    1533
    1593
    1514
    1526
    1576
    1488
    1531
    1551
    1534
    1463
    1524
    1515
    1523
    1570
    1496
    1506
    1591
    1539
    1574
    1491
    1551
    1499
    1488
    1565
    1503
    1498
    1615
    1607
    1511
    1631
    1590
    1530
    1508
    1527
    1529
    1543
    1542
    1559
    1509
    1559
    1539
    1538
    1576
    1574
    1577
    1570
    1609
    1563
    1570
    1556
    1572
    1534
    1508
    1629
    1582
    1580
    1465
    1569
    1454
    1512
    1545
    1520
    1578
    1539
    1574
    1604
    1508
    1599
    1571
    1537
    1560
    1555
    1624
    1587
    1587
    1475
    1574
    1635
    1576
    1600
    1516
    1563
    1595
    1520
    1610
    1560
    1516
    1574
    1618
    1596
    1593
    1594
    1575
    1597
    1648
    1602
    1531
    1550
    1589
    1550
    1631
    1587
    1618
    1534
    1598
    1668
    1539
    1600
    1603
    1650
    1638
    1636
    1566
    1619
    1605
    1598
    1575
    1584
    1623
    1680
    1537
    1595
    1634
    1613
    1581
    1574
    1523
    1617
    1613
    1572
    1529
    1623
    1607
    1644
    1611
    1598
    1633
    1591
    1540
    1645
    1533
    1629
    1565
    1629
    1569
    1599
    1631
    1570
    1641
    1537
    1585
    1537
    1589
    1610
    1556
    1597
    1577
    1602
    1538
    1527
    1608
    1525
    1558
    1600
    1594
    1550
    1528
    1541
    1599
    1544
    1628
    1554
    1485
    1527
    1523
    1557
    1502
    1532
    1551
    1530
    1572
    1453
    1496
    1407
    1458
    1486
    1464
    1462
    1446
    1447
    1468
    1378
    1445
    1436
    1401
    1401
    1427
    1450
    1392
    1414
    1416
    1373
    1332
    1391
    1394
    1298
    1279
    1319
    1370
    1247
    1310
    1226
    1231
    1281
    1237
    1186
    1217
    1168
    1232
    1162
    1159
    1160
    1129
    1134
    1156
    1070
    1075
    1099
    1151
    1069
    1109
    1058
    1053
    1085
    1059
     992
    1006
    1033
    1028
     977
     977
     941
     965
     930
     921
     890
     913
     892
     906
     884
     898
     855
     842
     834
     855
     827
     818
     852
     845
     798
     820
     769
     809
     820
     776
     839
     791
     764
     778
     727
     741
     732
     716
     743
     727
     731
     744
     711
     731
     705
     744
     709
     706
     690
     678
     720
     693
     716
     630
     681
     680
     682
     653
     697
     681
     653
     678
     686
     711
     642
     703
     701
     679
     629
     682
     640
     646
     647
     650
     655
     656
     660
     622
     642
     628
     599
     654
     663
     622
     670
     620
     627
     580
     611
     644
     624
     578
     595
     650
     594
     593
     655
     620
     586
     583
     614
     545
     573
     572
     603
     597
     576
     651
     624
     575
     545
     545
     580
     583
     604
     521
     566
     565
     547
     559
     587
     571
     539
     600
     564
     541
     537
     568
     537
     515
     489
     536
     507
     538
     523
     571
     533
     558
     511
     533
     487
     486
     469
     501
     454
     554
     537
     516
     495
     500
     508
     509
     492
     498
     497
     502
     501
     489
     517
     444
     513
     502
     456
     476
     438
     479
     471
     515
     521
     474
     504
     501
     469
     489
     520
     480
     476
     530
     500
     478
     508
     447
     512
     457
     480
     474
     470
     514
     489
     498
     468
     478
     483
     493
     503
     469
     503
     488
     494
     481
     472
     499
     491
     503
     489
     518
     474
     540
     531
     539
     520
     511
     515
     546
     502
     521
     517
     509
     531
     552
     539
     515
     557
     522
     550
     515
     541
     533
     507
     538
     556
     556
     551
     545
     546
     539
     543
     548
     550
     557
     538
     598
     543
     587
     535
     551
     603
     590
     623
     557
     595
     579
     627
     570
     589
     579
     594
     620
     603
     637
     671
     612
     595
     620
     608
     607
     638
     606
     654
     628
     656
     713
     685
     672
     711
     713
     712
     746
     716
     759
     742
     785
     804
     777
     744
     840
     810
     795
     859
     818
     850
     855
     871
     905
     962
     918
     997
     982
    1033
    1027
    1021
    1047
    1129
    1066
    1155
    1170
    1168
    1214
    1179
    1245
    1342
    1368
    1361
    1392
    1432
    1521
    1500
    1620
    1573
    1630
    1704
    1774
    1728
    1887
    1807
    1963
    2091
    2043
    2177
    2110
    2196
    2319
    2393
    2379
    2569
    2576
    2692
    2778
    2841
    2917
    2877
    3104
    3168
    3143
    3257
    3360
    3396
    3536
    3577
    3776
    3885
    3851
    4051
    4083
    4203
    4232
    4502
    4469
    4802
    4806
    4826
    4984
    4958
    5218
    5477
    5450
    5532
    5708
    5782
    5940
    6100
    6070
    6223
    6375
    6388
    6504
    6549
    6725
    7011
    6932
    7059
    7229
    7251
    7186
    7418
    7564
    7576
    7706
    7878
    7914
    7985
    7945
    7979
    8122
    8453
    8263
    8333
    8380
    8269
    8291
    8399
    8407
    8358
    8553
    8545
    8622
    8469
    8666
    8700
    8484
    8519
    8770
    8371
    8442
    8375
    8425
    8431
    8426
    8409
    8076
    8313
    8121
    8127
    8098
    7855
    7792
    7761
    7729
    7597
    7474
    7351
    7242
    7175
    6960
    6913
    6830
    6652
    6517
    6490
    6422
    6137
    6165
    5979
    5826
    5837
    5596
    5420
    5271
    5283
    4896
    4862
    4795
    4650
    4600
    4489
    4367
    4185
    4048
    3983
    3802
    3666
    3638
    3548
    3300
    3230
    3115
    3114
    2948
    2758
    2662
    2591
    2413
    2387
    2348
    2285
    2105
    2058
    1887
    1920
    1842
    1720
    1627
    1553
    1524
    1476
    1441
    1337
    1256
    1182
    1126
    1131
    1015
     992
     991
     867
     819
     842
     810
     763
     769
     751
     651
     658
     613
     558
     499
     525
     519
     497
     428
     411
     427
     381
     408
     405
     384
     373
     355
     331
     304
     297
     270
     303
     281
     264
     273
     261
     225
     220
     240
     249
     246
     219
     206
     218
     235
     193
     195
     193
     180
     189
     189
     190
     175
     160
     179
     157
     173
     188
     157
     156
     160
     160
     158
     161
     148
     180
     148
     165
     171
     150
     149
     166
     141
     145
     166
     144
     149
     143
     156
     177
     140
     145
     147
     129
     131
     158
     157
     137
     142
     136
     168
     154
     155
     151
     145
     127
     118
     148
     135
     152
     122
     150
     145
     135
     131
     147
     148
     135
     127
     144
     131
     114
     165
     136
     139
     152
     143
     132
     136
     152
     132
     155
     126
     142
     134
     157
     150
     130
     138
     140
     136
     162
     127
     140
     111
     129
     141
     136
     140
     129
     133
     122
     123
     144
     136
     129
     124
     138
     115
     149
     165
     145
     133
     129
     129
     123
     124
     118
     131
     135
     144
     136
     117
     148
     133
     133
     131
     158
     148
     145
     144
     107
     132
     129
     122
     129
     116
     154
     123
     134
     119
     140
     147
     152
     126
     133
     127
     122
     138
     131
     145
     142
     146
     122
     103
     125
     117
     123
     133
     140
     128
     120
     154
     129
     118
     128
     118
     149
     121
     112
     123
     132
     135
     119
     122
     116
     141
     133
     110
     117
     131
     138
     137
     128
     102
     130
     138
     135
     110
     126
     115
     126
     130
     124
     125
     123
     129
     152
     132
     128
     110
     120
     129
     128
     123
     136
     113
     116
     117
     125
     141
     128
     138
     133
     110
     104
     121
     113
     116
     121
     118
     116
     118
     124
     113
     124
      94
     126
     122
     126
     127
     110
     125
     110
     113
     127
      95
     106
     116
     108
     110
     135
     104
     108
     134
     102
     108
     121
     108
     103
     134
     112
     111
     110
      96
     115
     121
     118
     101
     112
     123
     127
     112
     112
     110
      89
      99
     133
     110
      94
     122
     112
     112
     129
     123
     101
     103
     105
      94
     110
     120
     112
     123
     110
     105
     102
     121
     114
     106
     111
     107
     123
     113
     108
      93
     106
      98
     113
     110
     108
     103
     130
     110
     111
      94
     107
     104
      98
     118
      89
      88
     104
     100
     108
      93
     105
     114
     111
     113
     114
      89
     103
     108
     103
     109
      93
      93
      93
      98
     109
      84
     117
     115
     102
     106
     102
     100
     111
     112
      88
     104
      94
     104
     103
     102
     104
     105
     119
      99
      86
     101
      92
      99
      86
      97
     108
      97
      85
      94
      82
      78
     102
      97
      86
     108
     105
     107
      89
      96
     103
      99
      87
      91
      88
      84
      94
      92
      89
      88
      83
     107
      78
     107
      85
      81
     102
      90
      98
      90
      86
      80
      86
      97
      79
      77
      98
      88
      82
      94
      75
      93
      96
      66
     114
      82
      85
     105
      78
      75
      86
      82
      84
      71
      98
      95
      80
      87
     114
      74
      84
      90
     101
      80
      77
      75
      83
      78
      73
      70
      89
      98
      77
      80
      88
      82
      87
      78
      83
      69
      87
      84
      91
      81
      93
      70
      79
      76
      96
      74
      70
      74
      85
      84
      77
      76
      75
      80
      85
      76
      88
      81
      70
      72
      73
      63
      70
      61
      75
      68
      74
      77
       0
       0
       0
       0
       0
       0
       0
       0
       0
       0
       0
       0
       0
       0
       0
       0
       0
       0
       0
       0
       0
       0
       0
       0
       0
       0
       0
       0
       0
       0
       0
       0
$ROI:
0
$PRESETS:
None
0
0
$ENER_FIT:
0.000000 0.376604
$MCA_CAL:
3
0.000000E+000 3.766040E-001 0.000000E+000 keV
$SHAPE_CAL:
3
9.515098E+001 0.000000E+000 0.000000E+000
