$SPEC_ID:
Target
$SPEC_REM:
DET# 1
DETDESC# JLAB-9 MCB 135
AP# Maestro Version 7.01
$DATE_MEA:
11/14/2022 15:32:50
$MEAS_TIM:
161 208
$DATA:
0 2047
       0
       0
       0
       0
       0
       0
       0
       0
       0
       0
       0
       0
       0
       0
       0
       0
       0
       0
       0
       0
       0
       0
       0
       0
       0
       0
       0
       0
       0
       0
       0
       0
       0
       0
       0
       0
       0
       0
       0
       0
       0
       0
       0
       0
       0
       0
       0
       0
       0
       0
       0
       0
       0
       0
       0
       0
       0
       0
       0
       0
       0
       0
       0
       0
       0
       0
       0
       0
       0
       0
       0
       0
       0
       0
       0
       0
       0
       0
       1
      75
    3852
    4665
    4310
    3891
    3501
    3230
    3086
    2890
    2689
    2664
    2543
    2449
    2509
    2590
    2538
    2379
    2430
    2451
    2456
    2297
    2374
    2417
    2400
    2366
    2385
    2364
    2429
    2375
    2327
    2365
    2463
    2355
    2422
    2465
    2465
    2508
    2297
    2417
    2408
    2373
    2446
    2387
    2539
    2452
    2467
    2456
    2446
    2487
    2543
    2402
    2478
    2467
    2518
    2392
    2470
    2500
    2534
    2524
    2453
    2510
    2454
    2470
    2483
    2472
    2511
    2441
    2462
    2430
    2459
    2442
    2394
    2450
    2481
    2447
    2498
    2461
    2400
    2378
    2425
    2451
    2454
    2403
    2502
    2435
    2514
    2463
    2421
    2426
    2512
    2494
    2516
    2521
    2428
    2468
    2444
    2519
    2388
    2463
    2516
    2411
    2337
    2466
    2481
    2427
    2514
    2486
    2391
    2485
    2449
    2580
    2414
    2407
    2427
    2520
    2442
    2437
    2476
    2464
    2532
    2510
    2455
    2531
    2475
    2537
    2413
    2547
    2461
    2472
    2555
    2511
    2536
    2442
    2466
    2493
    2533
    2481
    2600
    2549
    2551
    2530
    2478
    2508
    2446
    2637
    2620
    2508
    2573
    2621
    2662
    2549
    2528
    2519
    2608
    2571
    2537
    2611
    2549
    2634
    2595
    2555
    2619
    2651
    2570
    2550
    2641
    2610
    2546
    2615
    2763
    2680
    2552
    2682
    2546
    2634
    2549
    2666
    2689
    2705
    2660
    2655
    2645
    2654
    2640
    2651
    2703
    2629
    2639
    2595
    2593
    2657
    2678
    2666
    2729
    2636
    2729
    2772
    2660
    2732
    2766
    2717
    2702
    2755
    2672
    2745
    2745
    2714
    2703
    2760
    2707
    2900
    2810
    2690
    2830
    2808
    2825
    2754
    2818
    2762
    2913
    2851
    2739
    2813
    2846
    2817
    2854
    2867
    2919
    2890
    2875
    2816
    2910
    2969
    2903
    3021
    2962
    2975
    3022
    3002
    3042
    3033
    3094
    3017
    3023
    3091
    3146
    3180
    3137
    3220
    3394
    3280
    3209
    3288
    3364
    3497
    3479
    3509
    3473
    3437
    3512
    3553
    3634
    3686
    3736
    3766
    3631
    3874
    3884
    3814
    3988
    3874
    3975
    4087
    4005
    4057
    4024
    4090
    4015
    3967
    4001
    4006
    4060
    4128
    4047
    4093
    4163
    4019
    3883
    3933
    3947
    3872
    3809
    3846
    3768
    3845
    3768
    3683
    3751
    3701
    3739
    3671
    3575
    3628
    3541
    3454
    3414
    3360
    3350
    3420
    3377
    3372
    3272
    3233
    3169
    3106
    3124
    3141
    3155
    3116
    3182
    2988
    3069
    3001
    3019
    2888
    2866
    2873
    2868
    2825
    2902
    2836
    2718
    2836
    2816
    2791
    2740
    2709
    2687
    2709
    2724
    2660
    2613
    2648
    2668
    2563
    2567
    2509
    2638
    2594
    2536
    2601
    2579
    2533
    2540
    2444
    2447
    2521
    2495
    2336
    2351
    2433
    2472
    2366
    2356
    2370
    2425
    2390
    2369
    2402
    2403
    2365
    2329
    2402
    2334
    2283
    2287
    2310
    2211
    2282
    2235
    2286
    2224
    2240
    2205
    2285
    2158
    2203
    2124
    2245
    2261
    2307
    2156
    2267
    2201
    2199
    2134
    2211
    2131
    2235
    2195
    2124
    2179
    2165
    2206
    2197
    2198
    2129
    2140
    2207
    2134
    2181
    2100
    2219
    2189
    2160
    2102
    2129
    2154
    2078
    2071
    2106
    2076
    2040
    2245
    2117
    2132
    2139
    2109
    2111
    2045
    2119
    2073
    2020
    2082
    2070
    2061
    2091
    2077
    2077
    2059
    2114
    2060
    2072
    2070
    2092
    2145
    2057
    2042
    2066
    2042
    2067
    2008
    2032
    1983
    2014
    2081
    1952
    1986
    2025
    1978
    2084
    2037
    1962
    2065
    2035
    2030
    1992
    2000
    2043
    2008
    2018
    2046
    2074
    2036
    2064
    2004
    2010
    2026
    2044
    2014
    2014
    1988
    1973
    1997
    2020
    2053
    2036
    2044
    2054
    1997
    2107
    2003
    2012
    1952
    2037
    2060
    1966
    2095
    1990
    2082
    1930
    1987
    2073
    2134
    2038
    1970
    2039
    2010
    2033
    2111
    2020
    2017
    1988
    2070
    1975
    2006
    2031
    2054
    2028
    2057
    2043
    2032
    2082
    2031
    1947
    2068
    2033
    2081
    1995
    2071
    2057
    2143
    2148
    2065
    1984
    2171
    2088
    2089
    2192
    2113
    2172
    2157
    2068
    2053
    2022
    2123
    2081
    2043
    2108
    1969
    1987
    2056
    2035
    2048
    2084
    2073
    1989
    2080
    2072
    2147
    2095
    2108
    2030
    2092
    2073
    2146
    2127
    2083
    2105
    2182
    2104
    2119
    2143
    2058
    2044
    2143
    2074
    2113
    2111
    2110
    2071
    2096
    2078
    2106
    2125
    2088
    2073
    2133
    2073
    2137
    2076
    2094
    2117
    2158
    2159
    1997
    2166
    2134
    2048
    2025
    2089
    2074
    1985
    2069
    2003
    2037
    2065
    2125
    2101
    2133
    2092
    2079
    2039
    1944
    2098
    2044
    2058
    2068
    2107
    2030
    2050
    2055
    2037
    1966
    1959
    2089
    2043
    2137
    2062
    2036
    2017
    2039
    2067
    2090
    2043
    1993
    2009
    2007
    1998
    2038
    2064
    2081
    1920
    2013
    2072
    2046
    2085
    2097
    2093
    2042
    2138
    2015
    2048
    2024
    1973
    2023
    1985
    1974
    2070
    2055
    1920
    2071
    1954
    2022
    2029
    2094
    1991
    2008
    1997
    1975
    2093
    1977
    2086
    1928
    2015
    2009
    2029
    2023
    2079
    2046
    2013
    2004
    2010
    2038
    2008
    2012
    2001
    2082
    1983
    2095
    2048
    2061
    1994
    1942
    2022
    1983
    1945
    1970
    1976
    1968
    2054
    1984
    1989
    1996
    2033
    2037
    1949
    2004
    1990
    1928
    2032
    1974
    1968
    1917
    1942
    1966
    1909
    1937
    1910
    1848
    1929
    1828
    1903
    1805
    1879
    1905
    1788
    1797
    1717
    1782
    1767
    1733
    1734
    1700
    1780
    1694
    1633
    1727
    1693
    1651
    1667
    1658
    1613
    1597
    1586
    1554
    1583
    1582
    1551
    1547
    1501
    1475
    1528
    1451
    1390
    1424
    1475
    1338
    1354
    1395
    1368
    1368
    1307
    1324
    1343
    1291
    1253
    1270
    1244
    1216
    1249
    1199
    1271
    1207
    1194
    1154
    1149
    1177
    1123
    1156
    1157
    1208
    1137
    1102
    1122
    1061
    1074
    1147
    1134
    1092
    1019
    1070
    1071
    1029
    1088
    1018
    1041
    1031
    1026
    1026
    1016
    1002
     994
     999
    1007
     990
    1025
     971
     970
    1030
     977
     943
     961
     929
     981
     976
     940
     914
     911
     954
     989
     893
     953
     976
     944
     949
     894
     904
     914
     912
     899
     882
     932
     933
     928
     966
     938
     925
     946
     940
     894
     905
     918
     902
     904
     907
     852
     873
     893
     933
     941
     903
     903
     979
     889
     893
     870
     895
     914
     887
     910
     902
     956
     924
     881
     878
     903
     937
     873
     916
     949
     904
     960
     909
     883
     926
     870
     849
     892
     899
     912
     908
     947
     929
     924
     903
     854
     897
     950
     929
     942
     935
     954
     941
    1006
     961
     960
     979
    1001
    1017
     960
     970
    1027
    1016
    1007
     992
    1002
    1011
    1026
     994
    1045
     989
    1014
     972
    1003
    1005
    1067
    1057
    1016
    1062
    1051
    1034
    1112
    1062
    1036
    1091
    1067
    1073
    1111
    1138
    1049
    1101
    1052
    1085
    1178
    1109
    1181
    1141
    1115
    1118
    1163
    1132
    1173
    1168
    1190
    1129
    1197
    1168
    1218
    1226
    1225
    1248
    1242
    1276
    1367
    1295
    1281
    1310
    1343
    1332
    1330
    1333
    1360
    1351
    1375
    1384
    1358
    1366
    1421
    1411
    1431
    1432
    1387
    1460
    1493
    1516
    1584
    1556
    1591
    1663
    1574
    1657
    1660
    1701
    1710
    1734
    1791
    1754
    1805
    1796
    1942
    2026
    2027
    2102
    1988
    2143
    2176
    2177
    2225
    2285
    2345
    2394
    2519
    2462
    2535
    2648
    2842
    2817
    2807
    3001
    2914
    3065
    3108
    3261
    3297
    3341
    3458
    3557
    3651
    3933
    3876
    3968
    4040
    4178
    4262
    4471
    4492
    4673
    4771
    4929
    5033
    5208
    5275
    5357
    5479
    5632
    5792
    5928
    6115
    5989
    6373
    6432
    6594
    6621
    6879
    7040
    7121
    7448
    7484
    7508
    7708
    7903
    8080
    8122
    8511
    8528
    8468
    8539
    8807
    8982
    9027
    9124
    9184
    9376
    9316
    9772
    9681
    9772
    9939
    9908
    9922
   10225
   10270
   10317
   10292
   10184
   10336
   10388
   10408
   10261
   10496
   10378
   10531
   10595
   10409
   10292
   10511
   10498
   10376
   10219
   10200
   10187
   10028
    9931
   10063
    9805
    9753
    9585
    9432
    9463
    9318
    9051
    9057
    8742
    8760
    8602
    8638
    8381
    8036
    7879
    7778
    7673
    7421
    7187
    7055
    6798
    6855
    6632
    6356
    6254
    6077
    5746
    5705
    5437
    5464
    5122
    4996
    4851
    4630
    4499
    4267
    4139
    3941
    3828
    3792
    3470
    3419
    3293
    3046
    2978
    2962
    2724
    2597
    2472
    2486
    2287
    2315
    1986
    2007
    1954
    1807
    1770
    1641
    1680
    1530
    1460
    1398
    1280
    1295
    1181
    1183
    1058
    1102
    1010
     994
     888
     874
     883
     871
     790
     754
     697
     711
     688
     680
     638
     671
     631
     565
     581
     579
     519
     495
     499
     492
     525
     445
     463
     436
     489
     436
     425
     431
     414
     415
     414
     410
     453
     401
     403
     388
     376
     350
     402
     337
     351
     366
     354
     383
     378
     328
     374
     358
     326
     322
     305
     327
     314
     342
     363
     325
     370
     350
     306
     325
     359
     325
     316
     339
     314
     316
     334
     311
     286
     327
     337
     308
     322
     291
     323
     312
     304
     282
     326
     298
     308
     288
     322
     290
     303
     300
     279
     316
     302
     299
     275
     294
     326
     309
     264
     288
     338
     322
     279
     333
     299
     312
     285
     277
     298
     304
     323
     326
     281
     288
     298
     314
     274
     331
     264
     281
     290
     297
     278
     295
     296
     303
     291
     269
     308
     292
     288
     253
     284
     300
     296
     276
     297
     289
     262
     290
     286
     286
     280
     274
     286
     329
     282
     287
     281
     297
     260
     290
     260
     290
     316
     254
     277
     267
     310
     252
     282
     276
     288
     270
     297
     263
     284
     266
     290
     302
     267
     282
     277
     263
     269
     266
     310
     269
     263
     261
     262
     297
     256
     274
     286
     274
     295
     278
     271
     293
     282
     267
     248
     286
     259
     279
     281
     272
     273
     266
     299
     253
     248
     268
     269
     266
     242
     261
     267
     238
     263
     240
     259
     276
     255
     313
     255
     253
     259
     274
     219
     255
     250
     264
     252
     266
     259
     256
     238
     272
     263
     243
     253
     257
     241
     259
     273
     240
     282
     263
     282
     262
     235
     248
     271
     219
     259
     233
     245
     223
     245
     244
     246
     249
     259
     244
     259
     226
     254
     242
     228
     252
     241
     252
     248
     235
     233
     218
     231
     228
     225
     256
     227
     233
     232
     229
     233
     224
     229
     260
     221
     253
     241
     210
     218
     237
     231
     228
     220
     226
     222
     219
     228
     202
     228
     216
     223
     213
     199
     234
     210
     205
     229
     209
     219
     233
     197
     234
     207
     217
     195
     203
     232
     225
     234
     193
     202
     198
     200
     197
     224
     189
     219
     177
     182
     195
     157
     179
     215
     172
     196
     190
     187
     180
     203
     196
     184
     184
     188
     212
     169
     194
     181
     170
     183
     198
     178
     197
     185
     195
     167
     157
     181
     186
     187
     168
     163
     204
     158
     192
     177
     166
     175
     204
     132
     179
     174
     184
     171
     144
     161
     142
     176
     174
     152
     182
     154
     155
     182
     199
     153
     161
     168
     151
     162
     159
     176
     168
     195
     162
     188
     161
     178
     148
     167
     180
     157
     158
     176
     183
     139
     169
     151
     127
     176
     158
     170
     128
     161
     164
     138
     153
     165
     151
     160
     145
     165
     177
     156
     155
     174
     156
     155
     165
     175
     172
     162
     145
     139
     163
     169
     161
     140
     170
     158
     142
     140
     158
     134
     152
     175
     159
     159
     148
     158
     148
     151
     163
     151
     160
     152
     134
     146
     150
     141
     172
     124
     154
     142
     133
     145
     123
     148
     149
     135
     144
     154
     135
     127
     156
     129
     145
     151
     131
     135
     156
     137
     136
     120
     143
     150
     118
     117
     134
     131
     154
     153
     137
     139
     138
     156
     122
     142
     143
     147
     138
     140
     129
     134
     117
     152
     155
     130
     132
     126
     122
     136
     141
     123
     109
     128
     129
     147
     130
     104
     121
     122
     130
     115
     130
     122
     123
     116
     126
     133
     131
     157
     133
     142
     122
     139
     133
     129
     118
     129
     116
     120
     126
      97
     122
     134
     118
     120
     126
     100
     129
     129
     124
     127
     133
     113
     108
     122
     143
     126
     118
     122
     127
     117
     111
     122
     120
      98
     127
     112
     137
     119
     118
     112
      96
     113
     127
     109
     121
     114
     128
     130
     117
     132
     143
     113
      99
      89
     120
     119
     118
     123
     117
     117
     138
     126
     134
     111
     114
      87
     113
     125
     105
     115
      99
     101
     116
     118
     107
     112
     108
      98
     109
     106
     118
     108
     107
     116
     106
     120
     103
     122
     125
     111
      94
     108
      94
      97
     124
      95
     101
      88
     113
     123
     123
     112
     126
     109
     131
     123
      90
     102
      95
      95
     104
     112
      93
      87
     101
     101
      99
     114
      93
     105
     108
     110
      99
     112
     119
     106
      87
      95
      91
      99
      96
     104
      90
     116
      97
      98
     113
     107
     105
      85
      85
      95
     104
     108
     103
     102
      99
      93
      93
      81
      99
      94
      81
     103
      95
      88
      94
     111
     100
      95
     101
      94
      77
      92
      87
      99
     106
      85
      91
     103
      77
     101
     114
      89
      95
      94
      79
      96
     104
      77
      83
      77
      89
      82
      91
      87
      76
      76
     101
      69
      91
      99
      89
      81
      90
      93
      73
      96
      90
      79
      89
      91
      85
      63
      71
     104
      75
      99
      94
      70
      79
      87
      74
      75
      90
      76
      73
      67
      81
      87
      71
      88
      82
      94
      47
      61
      82
      74
      80
      69
      74
      78
      67
      87
      76
      72
      66
      77
      69
      84
      72
      66
      61
      73
      81
      82
      58
       0
       0
       0
       0
       0
       0
       0
       0
       0
       0
       0
       0
       0
       0
       0
       0
       0
       0
       0
       0
       0
       0
       0
       0
       0
       0
       0
       0
       0
       0
       0
       0
$ROI:
0
$PRESETS:
None
0
0
$ENER_FIT:
0.000000 0.376289
$MCA_CAL:
3
0.000000E+000 3.762887E-001 0.000000E+000 keV
$SHAPE_CAL:
3
1.061399E+002 0.000000E+000 0.000000E+000
