$SPEC_ID:
Scatter
$SPEC_REM:
DET# 2
DETDESC# JLAB-9 MCB 136
AP# Maestro Version 7.01
$DATE_MEA:
11/21/2022 14:47:32
$MEAS_TIM:
79 85
$DATA:
0 2047
       0
       0
       0
       0
       0
       0
       0
       0
       0
       0
       0
       0
       0
       0
       0
       0
       0
       0
       0
       0
       0
       0
       0
       0
       0
       0
       0
       0
       0
       0
       0
       0
       0
       0
       0
       0
       0
       0
       0
       0
       0
       0
       0
       0
       0
       0
       0
       0
       0
       0
       0
       0
       0
       0
       0
       0
       0
       0
       0
       0
       0
       0
       0
       0
       0
       0
       0
       0
       0
       0
       0
       0
       0
       0
       0
       0
       0
       0
       0
       0
       0
    2506
    8189
    8449
    8422
    8421
    8194
    7890
    7424
    6759
    6072
    5447
    4854
    4245
    3839
    3269
    2945
    2509
    2205
    1844
    1617
    1347
    1202
    1062
     856
     749
     671
     597
     511
     464
     403
     394
     367
     350
     319
     334
     330
     361
     364
     334
     376
     395
     407
     408
     423
     469
     442
     504
     516
     497
     565
     564
     577
     581
     602
     633
     611
     616
     650
     675
     649
     657
     720
     730
     643
     627
     678
     703
     609
     629
     638
     641
     611
     600
     586
     570
     551
     589
     603
     595
     573
     629
     617
     689
     617
     648
     666
     682
     762
     680
     726
     770
     700
     766
     759
     742
     747
     749
     827
     804
     758
     808
     754
     735
     759
     791
     807
     801
     854
     832
     846
     830
     952
     989
     992
    1064
    1109
    1119
    1221
    1285
    1442
    1505
    1587
    1661
    1719
    1829
    1938
    2161
    2210
    2294
    2356
    2347
    2689
    2586
    2743
    2771
    2885
    2807
    2886
    2770
    2699
    2697
    2661
    2484
    2440
    2267
    2135
    2051
    1818
    1740
    1564
    1367
    1264
    1186
     975
     900
     838
     732
     640
     587
     496
     488
     392
     409
     344
     317
     283
     310
     308
     263
     254
     239
     253
     264
     234
     245
     261
     257
     247
     276
     258
     254
     255
     245
     250
     242
     275
     274
     231
     295
     258
     266
     270
     277
     244
     280
     278
     281
     297
     291
     286
     312
     269
     300
     313
     322
     319
     301
     288
     290
     294
     313
     311
     364
     322
     352
     349
     392
     377
     352
     355
     362
     345
     306
     359
     337
     370
     331
     331
     340
     333
     315
     295
     335
     326
     313
     319
     282
     291
     287
     320
     247
     273
     264
     278
     238
     283
     291
     279
     300
     253
     274
     274
     239
     221
     249
     267
     276
     269
     293
     257
     222
     275
     239
     271
     232
     264
     271
     269
     241
     280
     282
     300
     248
     313
     271
     309
     272
     261
     296
     302
     299
     294
     328
     301
     271
     318
     314
     316
     322
     347
     333
     318
     370
     292
     308
     366
     368
     337
     317
     364
     345
     414
     346
     370
     383
     338
     365
     360
     393
     387
     378
     376
     379
     365
     384
     372
     386
     368
     393
     400
     366
     376
     392
     404
     433
     379
     371
     375
     350
     383
     371
     383
     409
     386
     362
     387
     357
     397
     337
     373
     354
     381
     361
     358
     325
     323
     349
     346
     332
     352
     309
     312
     331
     337
     322
     296
     343
     348
     340
     301
     310
     316
     282
     314
     298
     274
     271
     293
     305
     304
     283
     298
     313
     254
     297
     270
     311
     295
     271
     286
     296
     269
     240
     291
     281
     267
     259
     260
     275
     259
     261
     242
     262
     255
     247
     305
     249
     268
     261
     250
     248
     262
     265
     224
     272
     235
     247
     266
     251
     248
     252
     227
     241
     207
     231
     217
     248
     215
     224
     209
     223
     239
     220
     226
     205
     236
     201
     219
     213
     229
     206
     184
     190
     194
     225
     209
     210
     199
     202
     212
     204
     193
     173
     181
     198
     183
     195
     206
     174
     191
     183
     167
     195
     176
     173
     180
     179
     169
     168
     159
     173
     153
     194
     165
     174
     165
     180
     158
     137
     151
     162
     152
     173
     179
     182
     182
     170
     162
     174
     166
     178
     169
     172
     164
     164
     175
     153
     161
     151
     152
     150
     154
     152
     140
     153
     150
     173
     141
     129
     126
     150
     136
     150
     150
     131
     169
     128
     167
     137
     150
     131
     138
     161
     131
     144
     129
     137
     133
     141
     137
     139
     145
     154
     135
     130
     140
     124
     117
     121
     123
     128
     138
     126
     125
     141
     139
     143
     151
     116
     138
     130
     127
     134
     141
     148
     133
     131
     148
     120
     144
     127
     129
     124
     133
     139
     137
     150
     147
     155
     154
     159
     149
     125
     137
     160
     167
     133
     176
     176
     179
     190
     173
     179
     171
     183
     173
     201
     183
     208
     205
     198
     220
     213
     223
     208
     233
     242
     234
     255
     235
     232
     231
     254
     253
     249
     256
     247
     288
     264
     299
     275
     268
     297
     260
     281
     297
     279
     318
     282
     298
     321
     292
     296
     320
     284
     326
     323
     314
     307
     334
     306
     325
     328
     321
     319
     299
     329
     309
     346
     362
     333
     331
     362
     345
     373
     342
     378
     391
     399
     382
     368
     339
     410
     389
     346
     383
     428
     405
     415
     416
     427
     422
     418
     409
     443
     443
     477
     432
     461
     436
     462
     472
     480
     459
     471
     511
     503
     480
     515
     486
     495
     484
     493
     485
     476
     475
     501
     486
     473
     449
     497
     482
     453
     481
     480
     491
     459
     449
     448
     398
     473
     433
     426
     446
     434
     405
     391
     364
     388
     369
     376
     367
     377
     367
     353
     344
     336
     313
     312
     357
     319
     311
     274
     287
     302
     292
     239
     267
     261
     267
     243
     257
     245
     251
     281
     257
     260
     246
     260
     270
     293
     288
     268
     275
     301
     261
     285
     292
     306
     321
     330
     308
     303
     332
     349
     360
     392
     351
     365
     388
     437
     422
     459
     463
     460
     494
     506
     484
     539
     560
     574
     580
     580
     636
     624
     649
     702
     687
     720
     724
     775
     761
     779
     790
     805
     876
     811
     910
     866
     868
     946
     886
     911
     942
     981
     983
    1008
     977
     993
    1065
     983
    1049
    1017
    1023
    1107
    1105
    1038
    1084
    1108
    1117
    1084
    1096
    1104
    1127
    1098
    1072
    1114
    1100
    1086
    1147
    1103
    1073
    1061
    1055
    1088
    1023
     999
     993
     952
    1000
    1017
     982
     940
     929
     987
     910
     937
     889
     867
     868
     873
     792
     795
     800
     719
     742
     700
     723
     722
     704
     694
     695
     603
     601
     617
     573
     579
     555
     496
     542
     537
     525
     466
     468
     494
     463
     473
     437
     443
     434
     406
     429
     401
     382
     364
     358
     353
     304
     370
     326
     364
     355
     338
     315
     318
     322
     297
     311
     312
     296
     281
     245
     274
     277
     294
     254
     233
     287
     241
     243
     260
     233
     218
     249
     221
     214
     225
     207
     206
     219
     200
     213
     193
     187
     209
     176
     187
     186
     179
     181
     166
     159
     148
     145
     141
     152
     161
     134
     140
     152
     128
     129
     116
     114
     105
     126
     108
     115
     110
     112
      96
     107
      92
      83
     103
      85
      92
      84
      70
      63
      73
      81
      83
      85
      93
      67
      45
      59
      67
      67
      83
      65
      53
      72
      54
      61
      67
      61
      53
      61
      62
      55
      53
      50
      50
      64
      56
      59
      55
      57
      62
      50
      54
      68
      62
      54
      56
      58
      46
      62
      60
      57
      51
      62
      71
      53
      62
      51
      63
      53
      48
      75
      62
      62
      61
      55
      61
      62
      68
      57
      49
      85
      64
      61
      49
      68
      74
      65
      53
      73
      59
      51
      62
      56
      67
      71
      58
      59
      51
      46
      59
      70
      59
      60
      63
      71
      62
      63
      44
      55
      59
      64
      60
      50
      63
      45
      45
      60
      54
      52
      31
      48
      36
      44
      37
      41
      48
      37
      45
      36
      37
      36
      45
      34
      33
      38
      23
      27
      32
      37
      42
      28
      32
      31
      26
      31
      31
      29
      27
      26
      33
      29
      24
      19
      34
      32
      22
      27
      18
      21
      15
      19
      19
      20
      17
      22
      21
      19
      13
      10
      18
      18
      18
      22
      20
      15
      18
      19
      14
      19
      18
      15
      18
      21
      15
      14
      21
       6
      14
      11
      25
       8
      15
      11
      18
      13
       7
      19
      16
      13
      15
      13
      17
      12
      16
       9
       5
      15
      14
      15
      11
       9
      12
      13
       9
       7
       9
      11
      12
      15
       7
      13
      10
       9
      13
      10
       7
      10
       8
       8
      11
       8
       9
      11
       9
      11
       7
      11
      10
      13
       8
      17
       9
      11
       9
       8
       8
       8
      12
      10
      17
       6
       9
      11
      10
      10
      10
      11
       5
       7
      12
       5
       8
       9
       8
       9
       6
       9
       7
       5
       5
      10
       6
      14
       6
      12
       7
       7
       7
       5
      10
      11
       6
      11
       5
       6
      11
      10
      10
       5
       7
      10
      10
       4
       4
       8
      11
      11
       8
      11
       5
       9
       2
       8
       9
      15
       7
       6
      10
       9
       9
       9
       9
       9
      14
       7
       6
       2
       8
       8
       7
       6
       9
      11
       8
       2
       5
       6
      10
      11
       7
       8
       7
      10
       4
       5
       9
       3
      11
       8
      10
       7
       7
       9
       3
       6
      11
       8
       5
       7
       2
       8
       7
       5
       7
       5
       3
      11
       6
       7
       3
       5
       6
       6
       5
       6
       6
       7
       3
      12
       6
       5
       5
       4
       8
       5
      11
       2
       4
       8
       3
       7
       4
       6
       4
      15
       7
       7
       4
       7
       7
       3
       4
       8
       6
       7
       3
       4
       7
      12
       6
       7
       7
       8
       5
       3
       5
       4
       6
       4
       5
       6
       5
       9
       8
       9
       5
       8
       5
       7
       6
       7
       1
       6
       6
       7
       5
       2
       5
      11
       6
       9
       7
       6
      17
       6
       6
       5
       4
       7
       6
      10
       8
       4
       7
       5
      10
       9
       7
      12
       9
       7
       7
       2
       5
       4
       7
       3
       0
      11
      10
       6
       3
       7
       6
       7
       3
       8
       6
       5
       3
       8
       8
       3
       3
       7
       2
       7
       9
       7
       5
       6
      14
       5
       8
       6
       5
      12
      10
      11
       9
       4
       6
       7
       8
       4
      13
      14
       4
       7
       2
       7
       3
       8
       5
       5
       9
       8
       8
       5
       6
       8
       8
       9
       7
       8
       6
       7
       8
       4
       8
       5
       6
       6
       5
      13
       9
       9
      10
       2
       7
       6
       7
       7
       5
       1
       8
       5
       5
      14
       5
       6
       3
       8
       7
       8
      10
       4
       4
       7
       7
       7
       6
       6
      11
       2
       7
       2
       9
       5
       5
       6
      12
       8
       7
       5
       6
       9
       4
       5
       6
       4
       9
       6
       4
       1
       3
       5
       6
       8
       6
      10
       6
       6
       6
       2
       6
       5
       8
       7
       6
      11
       7
       7
       5
       7
       9
       4
      10
       5
       8
       6
       7
       8
       6
       7
       2
      11
       5
       5
       6
       6
       4
       5
      11
       8
       4
       7
       7
       2
       8
       6
       8
       4
       7
       8
       9
       8
       5
       4
       3
       4
       6
       2
       5
       8
       5
       6
       1
       4
       2
       4
       4
       2
       9
       9
       5
       6
       3
       6
       4
       6
       1
       5
       9
       6
       5
       4
       5
       2
       4
       6
       4
       1
       2
       1
       4
       5
       4
       6
       4
       4
       3
       4
       4
       3
       8
       4
       3
       4
       3
       6
       1
       2
       4
       6
       1
       8
       2
       6
       2
       3
       4
       1
       3
       4
       2
       5
       3
       6
       1
       2
       5
       5
       3
       3
       4
       3
       4
       5
       1
       7
       6
       1
       5
       6
       3
       3
       9
       2
       4
       3
       3
       3
       1
       6
       3
       6
       5
       2
       4
       7
       5
       5
       4
       2
       2
       4
       2
       3
       2
       5
       4
       3
       7
       3
       4
       3
       5
       3
       2
       4
       4
       5
       8
       3
       3
       4
       2
       5
       2
       4
       5
       3
       3
       2
       3
       6
       3
       4
       1
       4
       5
       3
       3
       5
       4
       1
       2
       4
       2
       4
       2
       3
       2
       4
       1
       2
       7
       2
       3
       0
       6
       1
       0
       0
       1
       3
       4
       2
       0
       4
       2
       2
       6
       1
       5
       2
       2
       4
       2
       5
       4
       4
       0
       3
       2
       6
       2
       1
       5
       1
       2
       3
       5
       3
       3
       3
       1
       6
       4
       1
       6
       2
       2
       2
       1
       2
       2
       2
       2
       5
       1
       3
       1
       4
       2
       1
       2
       3
       7
       0
       4
       1
       4
       2
       6
       1
       4
       2
       1
       2
       2
       3
       2
       0
       2
       2
       1
       2
       1
       2
       2
       4
       1
       2
       2
       1
       1
       2
       0
       1
       2
       1
       1
       1
       2
       2
       0
       2
       2
       2
       2
       0
       1
       0
       1
       4
       1
       1
       0
       1
       4
       2
       1
       0
       0
       3
       3
       0
       1
       2
       0
       1
       3
       5
       2
       3
       0
       0
       6
       0
       2
       0
       0
       1
       2
       3
       1
       0
       1
       2
       1
       1
       1
       2
       1
       0
       0
       1
       0
       2
       1
       2
       1
       1
       6
       0
       2
       2
       0
       1
       2
       1
       2
       1
       1
       1
       0
       2
       1
       2
       2
       1
       3
       0
       0
       1
       1
       1
       3
       3
       2
       2
       2
       1
       1
       0
       0
       2
       0
       1
       4
       1
       2
       2
       0
       0
       2
       1
       1
       0
       0
       1
       0
       2
       3
       1
       0
       0
       2
       2
       0
       2
       0
       2
       1
       0
       2
       2
       0
       0
       2
       1
       2
       0
       0
       0
       0
       0
       0
       0
       0
       0
       0
       0
       0
       0
       0
       0
       0
       0
       0
       0
       0
       0
       0
       0
       0
       0
       0
       0
       0
       0
       0
       0
       0
$ROI:
0
$PRESETS:
None
0
0
$ENER_FIT:
0.000000 0.376604
$MCA_CAL:
3
0.000000E+000 3.766040E-001 0.000000E+000 keV
$SHAPE_CAL:
3
9.515098E+001 0.000000E+000 0.000000E+000
