$SPEC_ID:
Target
$SPEC_REM:
DET# 1
DETDESC# JLAB-9 MCB 135
AP# Maestro Version 7.01
$DATE_MEA:
11/21/2022 14:35:18
$MEAS_TIM:
624 725
$DATA:
0 2047
       0
       0
       0
       0
       0
       0
       0
       0
       0
       0
       0
       0
       0
       0
       0
       0
       0
       0
       0
       0
       0
       0
       0
       0
       0
       0
       0
       0
       0
       0
       0
       0
       0
       0
       0
       0
       0
       0
       0
       0
       0
       0
       0
       0
       0
       0
       0
       0
       0
       0
       0
       0
       0
       0
       0
       0
       0
       0
       0
       0
       0
       0
       0
       0
       0
       0
       0
       0
       0
       0
       0
       0
       0
       0
       0
       0
       0
       0
       0
       0
      78
     144
     138
     159
     165
     194
     192
     194
     174
     171
     176
     192
     185
     172
     121
     141
     131
      92
      74
      90
      81
      67
      51
      50
      33
      47
      25
      26
      17
      19
      28
      19
      17
      21
      15
      20
      13
      16
      17
      12
      15
      16
      14
      16
      23
      14
      23
      24
      23
      21
      28
      34
      25
      25
      35
      28
      27
      39
      43
      33
      34
      49
      40
      43
      67
      49
      54
      60
      57
      52
      40
      47
      48
      39
      42
      40
      43
      50
      49
      49
      47
      52
      58
      65
      54
      74
      55
      78
      67
      71
      70
      81
      78
      73
      82
      79
      63
      90
      90
      68
      80
      61
      62
      51
      55
      58
      72
      73
      56
      50
      64
      63
      65
      58
      62
      52
      55
      66
      79
      78
     118
     109
     124
     129
     118
     132
     161
     147
     200
     221
     243
     255
     243
     275
     322
     280
     299
     304
     325
     280
     303
     343
     271
     273
     246
     243
     225
     218
     167
     210
     173
     129
     131
     107
     119
      91
      79
      72
      58
      62
      51
      55
      53
      43
      45
      43
      33
      37
      33
      31
      32
      45
      33
      31
      41
      37
      40
      23
      40
      47
      53
      31
      45
      37
      46
      28
      40
      35
      28
      41
      34
      44
      40
      31
      47
      45
      37
      28
      56
      40
      42
      37
      30
      42
      53
      46
      42
      51
      55
      58
      45
      60
      47
      53
      58
      61
      56
      77
      74
      54
      76
      60
      62
      64
      81
      65
      78
      82
      70
      73
      84
      76
      50
      54
      72
      47
      60
      58
      55
      29
      59
      33
      39
      39
      48
      46
      48
      39
      42
      40
      40
      44
      35
      38
      32
      40
      30
      44
      36
      28
      37
      54
      36
      36
      47
      36
      40
      33
      38
      31
      29
      39
      54
      38
      51
      36
      55
      42
      37
      50
      39
      49
      44
      48
      45
      33
      42
      48
      33
      52
      37
      34
      44
      36
      55
      38
      53
      52
      43
      58
      47
      42
      39
      48
      51
      45
      43
      44
      40
      44
      48
      53
      48
      40
      60
      51
      49
      51
      52
      34
      36
      38
      46
      41
      41
      53
      44
      32
      32
      29
      43
      48
      43
      43
      44
      34
      48
      38
      40
      24
      39
      45
      45
      29
      38
      37
      41
      43
      38
      34
      27
      34
      30
      28
      31
      37
      35
      36
      46
      32
      36
      27
      31
      29
      33
      24
      34
      22
      24
      25
      32
      23
      21
      18
      24
      19
      30
      20
      25
      21
      23
      15
      23
      28
      24
      29
      17
      23
      21
      26
      18
      14
      24
      24
      28
      20
      11
      18
      20
      27
      18
      28
      17
      15
      25
      31
      22
      26
      27
      20
      24
      19
      17
      14
      27
      16
      20
      19
      21
      20
      19
      17
      22
      19
      14
      19
      17
      23
      20
      18
      13
      17
      28
      19
      19
      13
      17
       9
      16
      14
      14
      11
      15
       8
      16
      20
      15
       8
      12
      12
       4
      11
      10
      12
      13
      12
      10
      12
      10
      10
      11
      10
      12
      16
      12
      19
      14
       9
      12
      11
      16
      10
      15
      13
      19
      17
       8
      13
      20
       8
      10
      15
      13
      11
      14
       6
      10
       8
       8
       5
      10
       8
       7
      10
       8
      11
       6
      10
       8
      17
      13
       8
       8
      15
       6
      15
      10
       6
      15
      17
      10
      12
      12
      14
       3
      16
       9
      10
      10
      13
      10
      15
      12
      10
      10
       8
      14
      15
      15
      11
      11
      13
       9
      17
      16
      14
      11
       8
      12
      11
       8
      11
      10
       6
      13
      13
       9
       9
       6
      14
      20
      19
      12
      13
      18
      13
      11
      17
      16
      15
      25
      15
      14
      15
      18
      22
      14
      20
      19
      18
      21
      23
      22
      19
      17
      22
      24
      18
      27
      37
      25
      24
      20
      22
      22
      22
      23
      28
      27
      17
      22
      24
      29
      20
      22
      18
      28
      24
      18
      21
      20
      26
      22
      22
      25
      21
      24
      23
      20
      29
      32
      34
      23
      26
      23
      16
      29
      23
      26
      32
      24
      28
      24
      30
      18
      22
      19
      23
      24
      29
      26
      38
      33
      33
      28
      29
      29
      27
      30
      30
      29
      28
      32
      21
      27
      25
      29
      33
      27
      35
      33
      26
      27
      32
      29
      24
      28
      24
      24
      24
      26
      26
      15
      27
      16
      34
      35
      36
      33
      26
      23
      22
      29
      26
      33
      28
      24
      29
      30
      33
      32
      27
      24
      25
      30
      20
      17
      24
      26
      17
      18
      22
      20
      28
      13
      25
      16
      26
      25
      23
      26
      19
      23
      25
      20
      17
      16
      17
      22
      25
      14
      19
      18
      16
      27
      30
      19
      19
      21
      26
      35
      36
      17
      23
      26
      31
      35
      17
      29
      27
      26
      27
      27
      31
      37
      37
      34
      32
      28
      36
      29
      35
      38
      37
      32
      52
      37
      61
      47
      35
      36
      43
      52
      41
      42
      36
      47
      45
      56
      44
      37
      49
      44
      35
      46
      49
      57
      51
      30
      59
      45
      45
      39
      45
      45
      49
      54
      44
      45
      48
      40
      47
      47
      52
      54
      44
      49
      46
      50
      37
      39
      53
      43
      50
      34
      36
      29
      37
      37
      32
      39
      35
      26
      32
      32
      38
      35
      42
      41
      40
      23
      33
      28
      31
      24
      35
      22
      32
      20
      22
      31
      16
      28
      26
      26
      23
      17
      17
      24
      15
      20
      11
      15
      16
      21
      23
      13
      11
      15
      17
      14
      13
      17
      20
      18
      14
      15
      13
      11
      18
      12
      13
      13
      16
      12
      22
       7
       9
      10
       9
       6
       6
      10
      15
      11
      10
      14
      12
      11
      15
      16
       9
      12
       8
       6
       4
      13
      10
       9
       9
      10
      11
       5
      10
      13
       5
      10
       6
       4
       8
       3
       3
      12
      12
       6
       7
       4
      11
       3
       4
       4
       8
       3
       5
       7
       2
       3
       8
       4
       0
       6
       6
       8
       6
       6
       6
       5
       5
       4
       7
       5
       3
       5
       3
       7
       3
       4
       3
       3
       6
       4
       6
       4
       3
       4
       4
       6
       2
       5
       3
       3
       7
       1
       4
       3
       5
       6
       2
       4
       3
       3
       5
       5
       6
       1
       3
       1
       1
       4
       4
       5
       5
       2
       7
       4
       2
       6
       1
       4
       3
       7
       3
       4
       2
       4
       1
       3
       8
       4
       1
       4
       3
       4
       2
       3
       1
       2
       2
       3
       0
       2
       2
       1
       3
       0
       0
       1
       4
       2
       5
       1
       5
       2
       4
       5
       1
       3
       5
       2
       4
       4
       3
       2
       2
       0
       2
       4
       2
       7
       2
       4
       1
       6
       2
       5
       2
       6
       0
       3
       3
       1
       3
       1
       3
       1
       3
       1
       2
       3
       2
       1
       1
       3
       2
       2
       0
       2
       3
       2
       0
       2
       1
       0
       2
       0
       1
       0
       2
       3
       1
       1
       3
       4
       1
       2
       3
       2
       2
       2
       2
       2
       3
       0
       1
       3
       0
       1
       2
       1
       2
       1
       0
       0
       2
       1
       0
       2
       0
       0
       1
       1
       2
       0
       1
       0
       2
       0
       2
       1
       0
       2
       1
       3
       0
       2
       2
       1
       2
       0
       1
       1
       1
       2
       1
       1
       1
       0
       0
       1
       0
       1
       0
       2
       1
       0
       1
       0
       1
       1
       1
       1
       0
       0
       1
       1
       0
       2
       0
       0
       1
       2
       2
       2
       0
       1
       1
       1
       0
       2
       1
       1
       1
       0
       0
       0
       2
       0
       1
       2
       1
       1
       1
       0
       0
       0
       0
       1
       0
       3
       0
       2
       0
       1
       2
       1
       1
       1
       0
       1
       1
       0
       0
       0
       1
       1
       2
       0
       3
       1
       1
       1
       0
       0
       0
       0
       1
       1
       1
       1
       1
       0
       0
       0
       0
       1
       1
       1
       1
       0
       1
       1
       0
       2
       1
       0
       0
       1
       0
       1
       0
       1
       1
       0
       3
       0
       1
       0
       0
       0
       0
       0
       0
       1
       0
       1
       0
       0
       1
       0
       0
       1
       0
       3
       1
       3
       0
       0
       1
       1
       0
       0
       0
       0
       0
       0
       0
       1
       2
       0
       1
       0
       0
       1
       2
       0
       0
       0
       2
       0
       1
       2
       0
       1
       0
       0
       0
       2
       0
       0
       0
       0
       0
       0
       1
       2
       0
       0
       1
       0
       1
       0
       0
       0
       0
       1
       0
       0
       0
       0
       0
       2
       2
       1
       2
       1
       0
       1
       0
       2
       0
       0
       0
       0
       0
       0
       0
       1
       0
       0
       0
       0
       0
       0
       0
       1
       1
       1
       0
       0
       0
       2
       0
       0
       2
       0
       0
       0
       0
       1
       0
       0
       0
       0
       1
       1
       2
       0
       0
       1
       1
       0
       0
       0
       0
       1
       1
       0
       1
       0
       1
       0
       0
       1
       0
       0
       0
       0
       0
       1
       0
       1
       0
       0
       0
       0
       1
       0
       0
       0
       0
       0
       0
       2
       0
       1
       0
       0
       0
       1
       0
       2
       0
       0
       0
       0
       3
       0
       1
       0
       0
       0
       1
       1
       0
       1
       0
       0
       3
       0
       0
       2
       0
       0
       1
       0
       1
       0
       1
       1
       0
       0
       0
       1
       1
       0
       0
       1
       0
       0
       2
       1
       0
       0
       0
       0
       0
       3
       0
       0
       0
       2
       1
       0
       0
       0
       0
       0
       1
       2
       0
       0
       0
       0
       0
       0
       1
       0
       0
       0
       1
       0
       0
       3
       1
       1
       1
       1
       0
       0
       0
       1
       0
       0
       0
       4
       1
       0
       0
       0
       1
       0
       0
       0
       0
       0
       1
       0
       1
       1
       0
       0
       2
       0
       0
       0
       1
       0
       2
       0
       0
       0
       1
       0
       0
       0
       1
       1
       0
       0
       1
       0
       1
       0
       0
       0
       0
       1
       0
       1
       0
       0
       0
       0
       3
       0
       0
       3
       0
       0
       0
       1
       0
       1
       0
       0
       0
       0
       1
       0
       0
       0
       2
       0
       0
       0
       0
       0
       1
       0
       0
       2
       0
       1
       0
       0
       0
       0
       0
       0
       0
       1
       0
       0
       1
       0
       0
       0
       0
       0
       0
       0
       1
       0
       0
       0
       0
       1
       0
       0
       0
       1
       0
       1
       1
       0
       2
       0
       1
       1
       0
       0
       0
       1
       0
       0
       1
       0
       0
       0
       0
       0
       0
       0
       0
       0
       0
       0
       0
       0
       0
       0
       0
       0
       0
       0
       0
       0
       0
       0
       1
       0
       0
       2
       0
       0
       0
       0
       0
       0
       1
       1
       1
       0
       0
       0
       0
       0
       1
       1
       0
       0
       0
       0
       0
       0
       0
       2
       0
       0
       0
       0
       0
       1
       0
       0
       0
       0
       0
       0
       0
       0
       0
       0
       0
       0
       1
       0
       0
       0
       0
       2
       0
       1
       0
       0
       0
       0
       1
       0
       0
       0
       0
       2
       0
       0
       0
       1
       0
       0
       0
       0
       0
       1
       0
       0
       0
       0
       0
       0
       0
       0
       0
       0
       0
       0
       0
       0
       0
       0
       0
       0
       0
       0
       0
       0
       0
       0
       0
       0
       0
       0
       1
       0
       0
       0
       0
       0
       1
       1
       0
       0
       1
       1
       0
       0
       0
       0
       0
       0
       0
       0
       0
       0
       0
       2
       0
       0
       0
       0
       0
       0
       0
       0
       0
       2
       0
       0
       0
       0
       0
       0
       0
       0
       0
       0
       0
       0
       0
       0
       0
       1
       1
       0
       0
       0
       0
       0
       0
       0
       0
       0
       1
       0
       0
       0
       0
       0
       0
       0
       0
       0
       0
       0
       0
       0
       1
       1
       0
       0
       0
       0
       0
       0
       0
       0
       0
       0
       0
       0
       0
       0
       0
       0
       0
       0
       0
       0
       0
       0
       0
       0
       0
       0
       0
       0
       0
       0
       0
       0
       0
       0
       0
       0
       0
       0
       0
       0
       0
       0
       0
       0
       0
       0
       0
       0
       0
       0
       0
       0
       0
       0
       0
       0
       0
       0
       0
       0
       0
       0
       0
       0
       0
       0
       0
       0
       0
       0
       0
       0
       0
       0
       0
       0
       0
       0
       0
       0
       0
       0
       0
       0
       1
       0
       0
       0
       0
       0
       0
       0
       0
       0
       0
       0
       0
       0
       0
       0
       0
       0
       0
       0
       0
       0
       0
       0
       0
       0
       0
       0
       0
       0
       0
       0
       0
       0
       0
       0
       0
       0
       0
       0
       0
       0
       0
       1
       0
       0
       0
       0
       0
       0
       0
       0
       0
       0
       0
       0
       0
       0
       0
       0
       0
       0
       0
       0
       0
       0
       0
       0
       0
       0
       0
       0
       0
       0
       0
       0
       0
       0
       0
       0
       0
       0
       0
       0
       0
       0
       0
$ROI:
0
$PRESETS:
None
0
0
$ENER_FIT:
0.000000 0.376289
$MCA_CAL:
3
0.000000E+000 3.762887E-001 0.000000E+000 keV
$SHAPE_CAL:
3
1.061399E+002 0.000000E+000 0.000000E+000
