$SPEC_ID:
Scatter
$SPEC_REM:
DET# 2
DETDESC# JLAB-9 MCB 136
AP# Maestro Version 7.01
$DATE_MEA:
11/21/2022 14:53:13
$MEAS_TIM:
49 59
$DATA:
0 2047
       0
       0
       0
       0
       0
       0
       0
       0
       0
       0
       0
       0
       0
       0
       0
       0
       0
       0
       0
       0
       0
       0
       0
       0
       0
       0
       0
       0
       0
       0
       0
       0
       0
       0
       0
       0
       0
       0
       0
       0
       0
       0
       0
       0
       0
       0
       0
       0
       0
       0
       0
       0
       0
       0
       0
       0
       0
       0
       0
       0
       0
       0
       0
       0
       0
       0
       0
       0
       0
       0
       0
       0
       0
       0
       0
       0
       0
       0
       0
       2
       8
     553
    1686
    1838
    1846
    1875
    1965
    1992
    2038
    1967
    1892
    1817
    1778
    1587
    1531
    1418
    1366
    1135
    1115
    1084
    1024
     887
     795
     772
     735
     611
     608
     564
     534
     489
     510
     471
     454
     418
     424
     408
     386
     377
     372
     339
     337
     332
     359
     367
     358
     400
     332
     365
     363
     371
     330
     352
     368
     367
     349
     353
     353
     352
     364
     357
     375
     356
     365
     359
     368
     347
     356
     373
     355
     354
     352
     368
     307
     378
     386
     355
     401
     358
     367
     369
     383
     341
     345
     371
     362
     363
     356
     336
     356
     394
     348
     371
     374
     358
     380
     331
     362
     348
     383
     359
     367
     346
     365
     362
     373
     351
     366
     371
     341
     386
     336
     358
     368
     377
     388
     351
     383
     356
     401
     336
     388
     370
     397
     368
     373
     400
     373
     364
     383
     342
     405
     371
     378
     349
     347
     403
     384
     374
     376
     362
     363
     360
     381
     372
     393
     369
     340
     373
     334
     375
     366
     369
     366
     373
     362
     360
     396
     362
     379
     344
     348
     329
     362
     403
     358
     378
     382
     388
     352
     371
     373
     302
     377
     379
     376
     388
     360
     388
     346
     368
     362
     387
     399
     360
     337
     382
     335
     341
     399
     362
     362
     384
     353
     416
     401
     370
     382
     392
     333
     342
     385
     391
     390
     357
     397
     379
     358
     388
     348
     340
     381
     380
     370
     384
     351
     378
     365
     375
     377
     378
     401
     360
     356
     386
     384
     394
     383
     372
     385
     384
     388
     406
     418
     415
     388
     423
     342
     394
     345
     380
     374
     361
     391
     404
     364
     441
     386
     409
     398
     392
     383
     408
     374
     430
     413
     403
     399
     427
     441
     413
     371
     392
     392
     392
     397
     394
     396
     391
     439
     412
     410
     418
     436
     379
     414
     376
     431
     380
     372
     407
     371
     386
     406
     370
     407
     403
     369
     450
     382
     388
     380
     395
     418
     456
     401
     379
     427
     398
     418
     405
     404
     410
     409
     356
     409
     401
     412
     432
     388
     442
     385
     420
     382
     410
     388
     421
     380
     398
     446
     401
     453
     395
     416
     404
     357
     387
     402
     372
     404
     406
     399
     403
     381
     438
     409
     413
     424
     431
     447
     410
     396
     448
     468
     404
     445
     412
     443
     434
     411
     406
     363
     431
     464
     413
     426
     429
     432
     467
     439
     448
     442
     444
     458
     474
     427
     476
     511
     496
     476
     474
     488
     533
     510
     506
     507
     501
     451
     509
     515
     481
     521
     501
     455
     510
     566
     555
     562
     560
     511
     586
     567
     557
     548
     587
     615
     571
     589
     578
     585
     602
     586
     566
     602
     560
     604
     606
     580
     617
     556
     615
     616
     621
     603
     569
     614
     605
     578
     634
     623
     581
     617
     594
     596
     605
     602
     581
     556
     559
     557
     564
     563
     549
     596
     598
     559
     581
     536
     495
     589
     531
     589
     524
     515
     561
     542
     553
     528
     527
     539
     552
     541
     489
     540
     521
     543
     557
     542
     507
     532
     509
     504
     498
     541
     506
     496
     519
     476
     484
     548
     490
     475
     487
     483
     513
     453
     453
     501
     491
     453
     497
     462
     430
     465
     488
     483
     430
     469
     500
     433
     461
     463
     442
     454
     483
     470
     408
     407
     462
     409
     430
     461
     439
     482
     445
     441
     437
     425
     465
     450
     425
     410
     437
     432
     441
     432
     429
     467
     410
     426
     417
     416
     408
     384
     444
     447
     426
     423
     466
     403
     387
     427
     420
     429
     403
     422
     407
     445
     396
     390
     387
     417
     397
     393
     415
     415
     400
     402
     368
     398
     386
     423
     415
     419
     385
     393
     414
     386
     400
     388
     397
     377
     385
     374
     416
     358
     354
     391
     380
     388
     397
     373
     372
     394
     390
     396
     361
     381
     405
     395
     387
     420
     407
     360
     416
     389
     384
     382
     414
     368
     407
     379
     403
     338
     395
     393
     374
     370
     354
     359
     385
     412
     360
     391
     377
     397
     356
     414
     389
     375
     406
     389
     378
     371
     378
     388
     379
     371
     348
     367
     350
     348
     381
     353
     408
     404
     388
     369
     393
     389
     342
     389
     357
     368
     419
     377
     384
     370
     335
     337
     374
     396
     374
     401
     374
     376
     390
     377
     371
     363
     384
     380
     392
     394
     369
     382
     362
     348
     403
     405
     362
     363
     411
     365
     388
     387
     413
     363
     392
     363
     347
     391
     414
     360
     334
     361
     362
     372
     352
     372
     367
     361
     395
     391
     379
     378
     353
     375
     378
     379
     358
     395
     381
     369
     356
     410
     356
     359
     384
     371
     378
     368
     397
     396
     410
     362
     361
     388
     370
     351
     354
     343
     365
     401
     381
     372
     364
     382
     333
     349
     362
     335
     360
     376
     345
     377
     332
     343
     327
     359
     388
     361
     336
     406
     371
     331
     354
     339
     374
     350
     382
     308
     358
     326
     348
     363
     326
     332
     347
     332
     380
     361
     345
     340
     343
     336
     364
     355
     329
     351
     354
     351
     341
     320
     358
     345
     310
     363
     365
     349
     330
     366
     355
     316
     360
     346
     336
     350
     353
     323
     375
     366
     383
     369
     336
     347
     359
     366
     300
     340
     357
     387
     347
     377
     345
     326
     339
     358
     350
     349
     358
     342
     333
     348
     369
     362
     362
     363
     361
     356
     387
     357
     397
     349
     331
     327
     357
     325
     367
     356
     346
     359
     350
     361
     333
     348
     376
     334
     358
     360
     362
     338
     350
     342
     359
     344
     361
     377
     369
     376
     317
     344
     343
     352
     363
     369
     387
     354
     346
     363
     364
     331
     360
     340
     372
     345
     354
     375
     381
     375
     344
     354
     356
     379
     346
     316
     362
     363
     327
     358
     376
     358
     369
     381
     347
     393
     401
     404
     373
     376
     390
     342
     364
     372
     356
     354
     373
     364
     366
     388
     343
     380
     344
     367
     380
     360
     372
     380
     364
     409
     352
     376
     355
     383
     379
     387
     360
     333
     364
     392
     371
     362
     359
     374
     328
     373
     385
     367
     365
     389
     367
     377
     363
     397
     352
     396
     419
     388
     351
     378
     374
     381
     385
     385
     359
     366
     322
     371
     401
     374
     372
     337
     370
     399
     344
     396
     355
     366
     323
     380
     365
     385
     380
     384
     354
     360
     344
     351
     394
     382
     403
     334
     403
     404
     358
     370
     359
     328
     397
     365
     380
     396
     348
     380
     377
     360
     373
     357
     346
     376
     411
     353
     375
     386
     392
     319
     327
     376
     329
     344
     352
     356
     362
     341
     381
     359
     355
     382
     346
     370
     325
     321
     347
     361
     349
     352
     320
     340
     353
     370
     362
     333
     351
     368
     361
     316
     331
     351
     348
     311
     333
     325
     308
     320
     325
     337
     310
     328
     308
     259
     325
     328
     287
     298
     327
     303
     320
     314
     263
     283
     292
     286
     260
     291
     279
     281
     270
     241
     289
     239
     258
     254
     259
     249
     294
     270
     232
     239
     243
     260
     246
     234
     234
     270
     247
     200
     219
     225
     230
     203
     208
     213
     205
     219
     229
     212
     204
     222
     221
     188
     192
     180
     220
     190
     195
     191
     206
     210
     183
     183
     182
     191
     174
     190
     196
     186
     185
     188
     200
     173
     180
     192
     155
     160
     185
     160
     155
     172
     163
     172
     145
     168
     164
     167
     160
     163
     145
     131
     135
     167
     149
     138
     144
     141
     147
     146
     137
     167
     133
     145
     130
     150
     148
     140
     128
     141
     142
     128
     161
     125
     152
     130
     158
     145
     144
     140
     126
     126
     136
     150
     135
     144
     136
     131
     145
     142
     139
     129
     136
     138
     144
     107
     137
     134
     147
     129
     127
     127
     129
     121
     121
     129
     114
     135
     123
      87
     118
     132
     113
     125
     127
     128
     126
     127
      87
     137
     128
     117
     122
     119
     104
     121
     132
     114
     144
     112
     112
     126
     118
     109
     112
     107
     136
     123
     129
     135
     122
     119
     131
     125
     107
     118
     106
     103
     101
     105
     109
     114
     130
     111
     103
     125
     108
     130
     116
     113
     110
     117
     122
     119
     121
     107
     127
     122
     134
     103
      92
     128
     131
     105
     116
     106
     114
     117
     127
     118
     111
     117
     111
     112
     105
     116
     115
     119
     113
     112
     122
     134
     112
     114
     121
     119
     121
     129
     125
     111
     127
     107
     113
     125
     111
     118
     104
     130
     132
     126
     112
     114
     139
     139
      92
     123
     129
     137
     105
     128
     124
     132
     110
     124
     135
     113
     131
     113
     131
      98
     139
     110
     126
     114
     123
     119
     126
     132
     122
     121
     111
     129
     129
     140
     125
     129
     121
     142
     115
     147
     133
     145
     126
     129
     113
     129
     118
     139
     130
     126
     143
     122
     100
     152
     122
     120
     116
     122
     131
     153
     156
     143
     132
     155
     134
     159
     123
     160
     147
     149
     140
     151
     145
     153
     147
     141
     152
     160
     163
     156
     147
     160
     152
     146
     170
     158
     147
     172
     145
     171
     167
     175
     160
     161
     163
     168
     153
     158
     184
     178
     145
     171
     176
     166
     151
     178
     179
     199
     190
     198
     191
     187
     195
     211
     237
     216
     205
     194
     198
     196
     247
     253
     215
     242
     244
     229
     244
     250
     225
     274
     278
     262
     240
     277
     266
     275
     303
     283
     283
     345
     323
     326
     329
     318
     344
     365
     333
     378
     372
     365
     395
     393
     412
     421
     429
     432
     450
     436
     429
     480
     490
     505
     523
     503
     558
     542
     561
     580
     591
     633
     621
     608
     639
     683
     667
     740
     721
     758
     805
     793
     768
     771
     781
     814
     883
     884
     887
     939
     909
     955
     964
    1025
     977
    1028
    1014
    1078
    1118
    1063
    1205
    1150
    1159
    1209
    1223
    1249
    1281
    1296
    1335
    1347
    1414
    1358
    1433
    1432
    1458
    1473
    1589
    1477
    1518
    1566
    1497
    1582
    1534
    1661
    1627
    1647
    1669
    1694
    1714
    1733
    1700
    1734
    1751
    1757
    1757
    1776
    1825
    1774
    1847
    1866
    1859
    1866
    1887
    1852
    1900
    1882
    1946
    1814
    1849
    1885
    1842
    1916
    1895
    1841
    1935
    1885
    1811
    1800
    1836
    1807
    1793
    1809
    1823
    1899
    1853
    1834
    1782
    1799
    1816
    1739
    1781
    1779
    1673
    1624
    1702
    1654
    1644
    1607
    1656
    1576
    1538
    1523
    1521
    1535
    1514
    1426
    1546
    1413
    1390
    1411
    1335
    1316
    1299
    1313
    1275
    1239
    1129
    1154
    1141
    1092
    1109
    1027
    1033
    1056
     989
     978
     989
     878
     867
     888
     833
     809
     801
     823
     797
     668
     720
     715
     637
     686
     605
     595
     634
     558
     539
     560
     488
     544
     466
     448
     478
     480
     421
     414
     371
     365
     364
     375
     344
     353
     333
     331
     322
     287
     287
     274
     278
     247
     231
     214
     218
     227
     176
     209
     191
     186
     175
     151
     174
     145
     145
     135
     143
     136
     144
     110
     123
     107
     109
     106
     103
      99
      86
     104
     101
      90
      76
      68
      66
      77
      70
      66
      74
      75
      74
      59
      59
      55
      66
      59
      55
      52
      50
      52
      60
      52
      47
      35
      62
      51
      55
      59
      51
      32
      52
      33
      33
      43
      33
      39
      44
      49
      44
      34
      37
      32
      37
      33
      45
      44
      43
      44
      34
      37
      45
      43
      34
      26
      37
      41
      37
      37
      33
      38
      35
      39
      40
      27
      39
      36
      33
      37
      32
      36
      30
      38
      34
      25
      31
      39
      40
      43
      43
      31
      37
      39
      26
      39
      46
      34
      33
      30
      38
      37
      34
      30
      33
      34
      34
      33
      29
      35
      46
      30
      22
      38
      29
      37
      29
      38
      28
      29
      37
      28
      47
      30
      32
      30
      36
      33
      35
      40
      40
      39
      26
      40
      35
      35
      39
      33
      26
      40
      32
      40
      41
      24
      38
      33
      44
      28
      28
      25
      28
      38
      44
      34
      34
      35
      32
      26
      34
      36
      36
      31
      32
      27
      32
      28
      40
      34
      35
      27
      27
      34
      35
      41
      27
      43
      30
      34
      30
      33
      40
      36
      37
      24
      36
      40
      40
      43
      28
      31
      39
      44
      30
      24
      28
      39
      35
      34
      26
      34
      19
      39
      35
      27
      34
      35
      31
      29
      35
      31
      33
      28
      39
      36
      17
      32
      33
      26
      33
      27
      32
      39
      27
      33
      40
      34
      30
      40
      40
      35
      27
      35
      37
      39
      41
      24
      42
      30
      26
      33
      30
      31
      29
      28
      19
      31
      28
      24
      24
      31
      26
      25
      30
      36
      31
      35
      37
      25
      27
      31
      23
      30
      24
      34
      35
      33
      30
      30
      23
      19
      17
      21
      34
      30
      32
      32
      33
      30
      29
      29
      22
      30
      30
      24
      26
      24
      34
      32
      28
      24
      22
      25
      36
      15
      26
      25
      34
      35
      35
      26
      30
       0
       0
       0
       0
       0
       0
       0
       0
       0
       0
       0
       0
       0
       0
       0
       0
       0
       0
       0
       0
       0
       0
       0
       0
       0
       0
       0
       0
       0
       0
       0
       0
$ROI:
0
$PRESETS:
None
0
0
$ENER_FIT:
0.000000 0.376604
$MCA_CAL:
3
0.000000E+000 3.766040E-001 0.000000E+000 keV
$SHAPE_CAL:
3
9.515098E+001 0.000000E+000 0.000000E+000
