$SPEC_ID:
Scatter
$SPEC_REM:
DET# 2
DETDESC# JLAB-9 MCB 136
AP# Maestro Version 7.01
$DATE_MEA:
11/21/2022 14:57:36
$MEAS_TIM:
185 191
$DATA:
0 2047
       0
       0
       0
       0
       0
       0
       0
       0
       0
       0
       0
       0
       0
       0
       0
       0
       0
       0
       0
       0
       0
       0
       0
       0
       0
       0
       0
       0
       0
       0
       0
       0
       0
       0
       0
       0
       0
       0
       0
       0
       0
       0
       0
       0
       0
       0
       0
       0
       0
       0
       0
       0
       0
       0
       0
       0
       0
       0
       0
       0
       0
       0
       0
       0
       0
       0
       0
       0
       0
       0
       0
       0
       0
       0
       0
       0
       0
       0
       0
       0
       0
       1
       6
       3
       4
       1
       4
       3
       3
       3
       3
       3
       5
       5
       2
       8
       3
       5
       4
       3
       2
       7
       4
       4
       3
       4
       3
       2
       1
       5
       5
       7
       4
       6
       5
       1
       6
       4
       4
       3
       5
       3
       2
       8
       2
       7
       1
       9
       5
       6
       3
       5
       5
       1
       4
       2
       3
       3
       2
       3
       4
      10
       4
       6
       1
       8
       3
       4
      10
       0
       5
       7
       5
       4
       5
       3
       8
       4
       4
       1
       7
       6
       2
       6
       5
       7
       7
       4
       3
       9
       3
       9
       9
       8
       5
       6
      11
       5
       5
       8
       5
       5
       5
      11
       8
       7
       2
       9
       5
       7
       8
       9
      10
       7
       8
       7
       7
       9
       4
       9
       8
       7
       9
       9
       9
       9
       9
      10
       4
       8
      10
       6
       1
       5
       4
       6
       9
      11
       8
       5
       9
       2
       5
      10
      10
      16
      11
       8
       3
      11
       9
      10
       4
       7
      10
       9
       8
      10
       5
       9
       8
       8
      13
       3
       9
      11
      10
      13
       9
      17
       5
       9
       7
       9
      12
       8
       9
       4
       7
      10
       9
       9
       8
       4
       9
       6
      14
      11
      14
       8
       9
      14
      10
       5
       7
       7
      11
       6
      10
       8
       8
      11
      10
       7
      10
       7
       9
      16
       8
      11
       9
       8
       9
      12
       8
      15
      12
      11
      17
      11
      12
      15
      10
       7
       9
      12
      13
       8
      12
       8
       7
       7
       6
       4
      13
      14
       8
      12
      11
       4
      11
      12
       8
      24
      11
       9
       9
       9
      12
      11
       8
      11
      11
       7
      14
      16
       9
      10
      12
      19
      15
       9
      13
       3
      15
       9
       8
      12
      11
       9
       8
      14
      11
      10
      20
       7
      14
      12
      15
      13
       9
      11
       7
       9
      11
      11
      10
      13
      12
      13
       6
      12
      10
       6
      12
      10
      11
      16
       8
       9
      16
      17
       7
      10
      15
      11
      13
       9
      16
      11
      10
      17
      14
      13
      16
      10
       8
      10
      18
      15
       6
       5
      15
      12
      14
      12
      12
      16
      13
      13
      11
      15
      13
      10
      10
      21
      15
      15
      19
      15
      15
      12
      14
      15
      13
      20
      15
      15
      12
      14
      20
      13
      13
      17
      18
      16
      26
      16
      23
      14
      13
      12
      15
      20
      10
      15
      17
      10
      14
      15
      12
      19
      12
      10
      19
      15
      20
      15
      18
      19
      14
      19
      18
      17
      12
      18
      14
      17
      13
      11
      11
      15
      12
      12
       5
      10
      13
      12
       8
      14
       9
      14
      16
      15
      11
      15
      13
      10
      17
      11
      12
      19
      15
      10
      12
      16
      10
      15
      20
      13
      22
      15
      20
      13
      14
      19
       8
      19
      10
      14
      10
      12
      14
       9
       6
      11
      15
       8
      15
      17
      15
       6
       8
      18
      13
       8
       9
      12
      16
      14
       6
      12
       8
      15
      12
      13
      13
      11
       9
      10
      15
      17
      12
      17
       9
       9
       8
      14
       8
       8
       7
      10
       7
      15
      15
      11
      18
      11
      14
      14
      12
      17
       8
      10
       8
      12
       8
       9
      11
       6
      12
       9
       8
       8
      11
       9
      10
      11
       9
       4
       8
       9
      14
      13
       5
       9
      11
      12
      11
       3
      10
       8
      11
      15
       4
       9
       8
       8
       8
      12
      17
       8
       4
       9
       7
       9
      11
       7
      11
      13
      13
      10
      13
      12
       9
      14
      11
      12
       7
      13
      14
       5
       9
       4
      10
      14
       9
      15
      10
       9
      10
      13
      10
      10
       7
      12
      10
      11
       8
      13
      12
       5
      10
       8
      13
       9
       7
       8
       9
      10
       7
      12
       7
       9
       9
      10
      10
      19
       6
       8
      11
      16
      14
       6
       8
       6
       9
       8
       6
      14
       9
       5
       8
      12
       3
       5
       6
       6
       4
      15
       3
      12
       7
       8
       4
      10
      14
       7
      14
       5
       8
      13
       8
       7
      13
       8
      10
       5
      10
       6
       6
       6
       8
       9
      12
       4
      10
       5
       8
       9
       2
       8
       8
      13
      18
       7
      13
      13
       4
      15
      10
      10
       6
      20
      10
       8
       8
      11
      11
      10
       9
      13
       7
       8
       7
      10
      10
       9
       6
       6
       4
       9
       4
      15
      14
      10
      13
       9
       8
       5
      11
      14
      20
      11
       9
       8
      11
       7
      14
      12
      10
      10
      11
      14
      10
      13
       9
      10
      15
       8
      10
      10
      10
       8
       9
      15
      15
      11
      11
      11
      21
       5
      16
      14
      11
      14
      11
      11
      24
      13
      12
      12
      11
      20
      16
      14
      11
      12
      10
       8
      13
      12
       6
      11
      10
       8
      11
      10
       9
      10
      17
       8
      16
       6
       8
       4
       9
      13
      13
       9
      16
       7
      20
      10
      11
      13
       9
      11
      11
      12
      10
      14
       1
      10
      15
      10
      11
      14
      10
       4
      12
       8
       9
       9
       5
      11
      12
       7
      10
      12
       4
       9
       9
       5
      13
       5
      13
       9
       7
       9
       6
       7
       6
       6
       7
       8
      12
      10
      10
       8
       9
       6
       7
       8
       8
       7
       5
      12
       7
      10
       6
      10
       3
       7
      14
       6
       6
       5
       3
       8
       6
       7
       8
       7
       7
      11
       8
       6
      11
       4
       6
      10
       5
       7
       6
       8
      10
       7
       7
       6
      13
       6
       7
       8
       9
       7
       4
      12
       7
      11
       2
       4
       6
       6
       9
       7
       9
       8
       6
       2
       7
       6
      10
       9
      13
       6
       6
       7
       8
       6
       5
       2
       7
      11
       4
       8
       6
       6
       9
       7
       9
      11
       9
      10
      12
       7
       7
       7
       8
      11
       3
       5
       7
       6
       4
       7
       2
       4
       7
       7
       8
       8
       8
      10
       4
       5
       7
       5
       7
       5
      10
       5
       5
       4
       9
       4
       6
      10
       4
       7
       6
       5
       6
       4
       5
       3
       3
       4
       5
       5
       7
       8
       7
       7
       9
       3
       4
       8
       8
      13
       8
       2
       1
       6
       7
       4
       5
       3
       5
       1
       6
      10
       5
       3
      10
       5
       7
       6
       7
       5
       5
       6
       6
       9
       9
       3
       5
       4
       4
       2
       5
       7
       4
       1
       3
       3
       5
       2
      11
       4
       5
       3
       7
       4
       7
       5
       7
       3
       4
       2
       6
       4
       9
       5
       2
       0
       7
       2
       6
       4
       9
       4
       5
       4
       5
       5
       6
       4
       7
       6
       2
       1
       3
       4
       1
       3
       2
       2
       4
       6
       2
       2
       5
       2
       4
       4
       4
       2
       5
       2
       4
       2
       6
       5
       2
       3
       4
       4
       1
       4
       4
       1
       4
       2
       4
       7
       2
       1
       4
       2
       6
       6
       4
       4
       3
       5
       5
       3
       3
       4
       6
       2
       6
       4
       9
       5
       5
       4
       5
       7
       9
       9
       7
       8
       7
      10
       4
       5
       6
       6
       3
       6
      11
       3
      10
       5
       6
       3
       4
      11
       6
       9
       9
      12
      11
      12
      11
      14
       9
      10
      14
      10
      13
      20
       7
      16
      15
      11
      11
      19
      17
      14
      18
      20
      17
      17
      20
      21
      21
      16
      22
      23
      21
      28
      27
      33
      27
      33
      28
      31
      33
      23
      28
      25
      23
      30
      28
      33
      32
      30
      31
      37
      40
      31
      38
      25
      40
      33
      37
      37
      38
      37
      34
      38
      41
      45
      32
      36
      30
      52
      35
      38
      40
      44
      42
      50
      44
      45
      50
      36
      43
      39
      45
      48
      31
      26
      26
      40
      36
      43
      32
      41
      30
      35
      39
      28
      39
      29
      40
      35
      34
      20
      27
      35
      27
      24
      33
      37
      25
      32
      27
      32
      17
      31
      17
      20
      30
      20
      31
      25
      12
      10
      28
      22
      24
      27
       8
      16
      14
      14
       5
      17
      13
      10
      18
      11
      12
      12
      11
      12
       6
       9
      12
      10
       3
       7
       5
       7
       9
       9
       4
       4
       8
       3
       5
       5
       9
       8
       7
       4
       0
       6
       3
       1
       7
       2
       4
       4
       2
       2
       2
       5
       3
       1
       2
       1
       1
       0
       2
       3
       0
       2
       1
       1
       1
       5
       2
       3
       0
       0
       2
       1
       2
       1
       0
       1
       2
       0
       3
       1
       1
       4
       1
       0
       0
       0
       1
       3
       1
       3
       0
       2
       0
       0
       2
       3
       2
       1
       0
       0
       3
       2
       0
       1
       1
       2
       2
       1
       1
       0
       1
       2
       0
       1
       2
       2
       1
       0
       0
       1
       0
       0
       0
       1
       0
       0
       1
       2
       1
       0
       2
       0
       1
       1
       0
       1
       0
       1
       0
       1
       1
       1
       1
       0
       2
       1
       2
       0
       1
       0
       1
       1
       0
       1
       1
       0
       1
       0
       3
       0
       0
       1
       3
       0
       2
       1
       1
       1
       1
       2
       1
       3
       4
       1
       0
       0
       2
       1
       0
       1
       0
       1
       0
       2
       0
       1
       0
       1
       0
       1
       1
       1
       1
       0
       1
       0
       1
       1
       2
       0
       2
       0
       1
       1
       2
       1
       1
       3
       0
       2
       1
       0
       0
       0
       1
       0
       0
       0
       1
       0
       0
       1
       1
       1
       0
       1
       0
       3
       4
       2
       3
       1
       1
       1
       1
       1
       0
       1
       1
       1
       1
       1
       1
       1
       0
       2
       1
       0
       0
       1
       0
       0
       0
       1
       1
       3
       0
       1
       1
       1
       1
       0
       0
       1
       0
       1
       0
       0
       0
       2
       0
       0
       1
       2
       1
       2
       1
       2
       1
       1
       0
       0
       0
       1
       0
       0
       2
       0
       1
       0
       0
       0
       2
       0
       0
       2
       0
       0
       1
       1
       0
       2
       0
       2
       0
       1
       0
       0
       0
       1
       1
       1
       1
       0
       0
       2
       2
       1
       2
       3
       0
       1
       0
       2
       2
       1
       0
       0
       1
       1
       2
       2
       1
       1
       0
       0
       0
       1
       0
       1
       1
       0
       1
       0
       0
       0
       2
       1
       1
       1
       0
       0
       2
       3
       0
       2
       2
       2
       1
       1
       1
       1
       1
       1
       2
       1
       0
       2
       0
       0
       3
       4
       2
       0
       1
       1
       1
       1
       1
       0
       0
       1
       0
       3
       1
       1
       0
       2
       2
       0
       0
       0
       0
       1
       0
       2
       0
       1
       0
       0
       0
       1
       1
       1
       2
       1
       1
       1
       2
       1
       1
       0
       2
       0
       2
       0
       0
       1
       0
       0
       0
       1
       1
       0
       1
       0
       1
       0
       1
       0
       0
       0
       0
       2
       0
       0
       3
       0
       0
       0
       1
       1
       2
       1
       1
       0
       1
       0
       2
       1
       1
       2
       0
       2
       0
       2
       1
       0
       1
       1
       1
       2
       0
       1
       2
       0
       2
       4
       1
       2
       0
       2
       1
       1
       1
       1
       0
       1
       2
       2
       2
       2
       0
       0
       0
       1
       1
       1
       2
       0
       0
       1
       2
       1
       0
       0
       0
       1
       1
       3
       1
       0
       2
       0
       2
       0
       1
       1
       4
       1
       0
       0
       0
       0
       0
       0
       1
       0
       1
       0
       2
       1
       0
       0
       1
       1
       2
       3
       2
       0
       1
       1
       0
       3
       0
       1
       0
       2
       2
       2
       1
       1
       0
       2
       1
       5
       0
       2
       1
       0
       0
       1
       1
       1
       1
       0
       3
       1
       0
       0
       1
       0
       0
       0
       0
       0
       0
       0
       2
       1
       2
       0
       0
       2
       2
       1
       1
       3
       0
       2
       1
       1
       0
       0
       0
       1
       1
       0
       0
       1
       1
       0
       2
       2
       0
       1
       3
       1
       0
       0
       0
       1
       0
       0
       3
       0
       1
       0
       2
       0
       2
       0
       1
       1
       2
       0
       0
       0
       1
       1
       0
       0
       2
       1
       1
       1
       1
       0
       2
       1
       1
       0
       0
       0
       2
       1
       1
       0
       0
       0
       0
       2
       0
       2
       3
       0
       1
       0
       0
       1
       1
       2
       2
       0
       2
       0
       1
       1
       0
       0
       1
       1
       3
       1
       2
       0
       0
       1
       1
       1
       0
       1
       0
       0
       3
       1
       0
       1
       0
       1
       2
       2
       1
       0
       0
       1
       1
       1
       1
       3
       1
       3
       1
       0
       1
       3
       2
       0
       2
       2
       1
       0
       0
       0
       0
       0
       0
       2
       2
       1
       1
       3
       4
       0
       1
       0
       0
       0
       0
       1
       0
       0
       1
       0
       1
       0
       1
       1
       1
       1
       0
       1
       1
       1
       0
       0
       0
       0
       0
       0
       0
       0
       0
       0
       0
       0
       0
       0
       0
       0
       0
       0
       0
       0
       0
       0
       0
       0
       0
       0
       0
       0
       0
       0
       0
       0
       0
       0
$ROI:
0
$PRESETS:
None
0
0
$ENER_FIT:
0.000000 0.376604
$MCA_CAL:
3
0.000000E+000 3.766040E-001 0.000000E+000 keV
$SHAPE_CAL:
3
9.515098E+001 0.000000E+000 0.000000E+000
