$SPEC_ID:
Target
$SPEC_REM:
DET# 1
DETDESC# JLAB-9 MCB 135
AP# Maestro Version 7.01
$DATE_MEA:
11/21/2022 14:57:34
$MEAS_TIM:
188 194
$DATA:
0 2047
       0
       0
       0
       0
       0
       0
       0
       0
       0
       0
       0
       0
       0
       0
       0
       0
       0
       0
       0
       0
       0
       0
       0
       0
       0
       0
       0
       0
       0
       0
       0
       0
       0
       0
       0
       0
       0
       0
       0
       0
       0
       0
       0
       0
       0
       0
       0
       0
       0
       0
       0
       0
       0
       0
       0
       0
       0
       0
       0
       0
       0
       0
       0
       0
       0
       0
       0
       0
       0
       0
       0
       0
       0
       0
       0
       0
       0
       0
       0
       0
       1
       2
       1
       2
       0
       2
       0
       1
       0
       0
       5
       0
       1
       0
       0
       0
       3
       1
       1
       0
       2
       1
       0
       1
       1
       0
       3
       0
       1
       0
       1
       2
       2
       1
       1
       1
       1
       1
       0
       1
       0
       2
       1
       3
       0
       3
       0
       2
       0
       0
       0
       2
       3
       1
       0
       2
       0
       1
       0
       0
       1
       2
       1
       1
       2
       3
       3
       0
       3
       2
       1
       1
       2
       3
       1
       0
       1
       0
       3
       2
       2
       1
       0
       5
       4
       3
       0
       4
       0
       1
       1
       1
       3
       2
       2
       2
       0
       4
       3
       3
       2
       3
       2
       6
       2
       3
       2
       0
       7
       4
       1
       1
       2
       2
       3
       6
       5
       3
       2
       1
       3
      10
       3
       4
       2
       2
       2
       5
       3
       3
       2
       4
       2
       1
       7
       0
       5
       3
       2
       7
       5
       2
       7
       4
       4
       8
       5
       5
       5
       4
       4
       6
       2
       3
       6
       5
      12
       5
       8
       5
       4
       4
       8
       3
       6
       8
       4
      10
       3
       2
       6
       7
       2
       8
       2
      11
       6
       4
       4
       7
       5
       5
       8
       6
       5
       8
       5
       5
      15
       7
       7
      14
      13
       8
       9
      13
      12
      13
       5
       8
      13
       6
       8
      18
       9
      12
      17
      13
       9
      10
      10
      13
       9
      10
      13
      12
      11
      12
      10
      13
      10
      10
      10
      14
      13
      14
      17
      18
      14
      14
      10
      12
       7
      14
      10
      11
      18
      13
      19
      14
      16
      13
      17
      11
      19
      17
      12
      15
      15
      12
      13
      11
      12
      16
      15
      24
      14
      18
      13
      16
      14
      19
      13
       9
      14
      13
       6
      12
      14
      16
      15
      10
      12
      19
      18
      23
      15
      15
      10
      13
      17
      13
      16
      12
      10
      14
      15
      15
      12
      22
      20
      11
      11
      20
      13
      16
      19
       8
      16
      14
      16
      15
      17
      18
      12
      12
      18
      17
      12
      13
      14
      18
      19
      17
      20
      17
      17
      18
      18
       7
      16
      21
      16
      15
      10
      13
      22
      13
      18
      13
      15
      16
      10
      19
      21
      17
      18
      17
      19
      24
      25
      23
      17
      23
      18
      16
      24
      28
      13
      25
      15
      22
      29
      19
      21
      16
      25
      34
      23
      26
      20
      15
      24
      29
      16
      22
      21
      23
      17
      24
      21
      20
      12
      19
      14
      25
      22
      25
      26
      18
      16
      25
      18
      22
      21
      20
      21
      14
      12
      20
      20
      17
      30
      13
      21
      22
      13
      12
      17
      15
      20
      16
      12
      14
      13
      28
      20
      26
      17
      17
      15
      15
      12
      28
      10
      20
      17
      14
      14
      24
      12
      23
      18
      21
      17
      17
      18
      19
      21
      20
      22
      17
      15
      19
      21
      35
      28
      16
      12
      18
      21
      13
      14
      18
      17
      27
      17
      20
      19
      18
      18
      17
      21
      17
      21
      17
      21
      18
      16
      15
      19
      18
      14
      17
      20
      18
      21
      24
      19
      19
      26
      16
      19
      20
      11
      21
      16
      13
      15
      17
      14
      16
      22
      19
      18
      20
      22
      13
      14
      20
       9
      16
      14
      22
      20
      11
      13
      13
      20
      17
      20
      11
      16
      11
      15
      13
      19
      18
      13
      19
      20
      12
      12
      12
       9
      15
      17
      12
      11
      12
      14
      13
      19
      18
      10
      11
      15
      10
      13
      12
      19
      18
      11
       9
      17
      11
      10
      12
      15
      12
      13
      18
      13
      12
      16
      14
      15
      13
      14
      14
       7
      12
      15
      15
      18
      10
       9
      19
      11
      18
       6
      14
       6
       9
      12
      10
      10
      10
      11
      14
       9
      15
      21
      11
      14
      19
       9
      19
      12
      12
      13
       8
       7
       8
      12
      16
      14
      13
      13
      16
      16
       9
       9
      16
      15
      16
      13
      15
      14
      11
      11
      10
       8
      15
      15
       9
      13
      12
       9
      11
      10
      17
      11
      11
       9
      12
      14
      16
      12
      17
       9
      14
      14
      14
      12
      10
      12
      10
      12
      12
       6
      10
      16
       8
      14
       6
      15
      14
       8
      13
      16
      17
      10
       8
       8
      12
      14
      12
      11
      13
      10
      10
      15
      11
      18
      18
      18
       8
       8
       8
      16
       8
       6
      14
      14
      17
      11
      19
      15
      12
      19
      12
      18
      11
      14
      15
       8
      10
      14
      17
       8
      15
      10
       6
      12
      12
      15
      15
      17
      16
       7
      12
      10
      13
       9
      16
       7
      13
      10
      12
      12
      12
      12
      14
      13
      11
      12
      10
       8
      14
      10
       7
      16
      11
       6
      13
       8
      13
      18
      16
       9
      11
      14
      12
       7
       9
      12
       8
      15
      10
       6
      10
       7
       7
      11
      10
      16
       9
      11
      13
      11
      10
       3
       7
       9
      15
       8
       8
      13
       7
       6
      13
       3
       9
      12
      13
       4
       7
       8
      10
      10
       8
      14
      12
       8
       8
       7
      10
      11
       5
      11
      10
       9
       4
       7
       8
      10
      11
      12
       7
       9
      11
       8
      10
       8
      11
       8
       8
      14
      11
       7
       6
       9
      14
       3
       8
       7
      10
       6
       8
      11
       4
       8
       7
      14
       8
       5
       4
       8
       5
      13
       6
       5
       8
       5
       7
       4
       5
       9
       7
       8
       3
      10
       5
       3
       4
       8
      10
       6
       7
       5
       7
       8
       7
       8
       5
       8
       7
       8
       1
       6
       9
      10
      10
       8
       4
       5
       7
       8
       4
       7
       9
       6
       6
      12
       8
      10
       5
       5
       6
       4
       7
       6
       3
       5
      10
       4
       7
      11
       6
       7
       3
       8
       4
       3
       6
       4
       8
       4
      11
       9
       5
       3
       9
       8
       6
       6
       7
       3
       0
       8
       7
       1
       2
       5
       4
       7
       5
       3
       4
       5
       7
       6
       5
       4
       4
       3
       6
       4
      11
       2
       3
       4
       3
       4
       5
       3
       9
       4
       3
       8
       5
       9
       7
       4
       6
       4
       5
       4
       4
       3
       4
       6
       4
       5
       6
       8
       3
       4
       4
       5
       9
       1
       5
       1
       9
       3
       1
       1
       2
       4
       4
       6
       2
       7
       4
       1
       5
       6
       5
       3
       5
       2
       6
       4
       4
       1
       2
       2
       5
       3
       7
       1
       6
       3
       2
       2
       5
       3
       1
       3
       2
       8
       3
       4
       4
       1
       2
       2
       1
       4
       2
       3
       6
       3
       5
       6
       4
       3
       2
       8
       8
       4
       2
       4
       4
       4
       1
       2
       2
       3
       2
       3
       2
       2
       4
       5
       1
       5
       3
       4
       5
       4
       6
       4
       6
       5
       6
       3
      10
       7
       6
       8
       6
       3
       6
       6
       6
       3
       3
       3
       8
       6
       5
       5
      14
       5
       9
       9
       7
       8
       7
      11
       7
       3
       7
       7
       8
       9
      16
      12
      13
      14
      10
      13
      13
      19
      17
      10
      13
      16
      23
      21
      14
      13
      22
      19
      25
      12
      22
      22
      12
      18
      27
      21
      13
      18
      14
      29
      18
      28
      25
      18
      20
      27
      32
      27
      26
      26
      24
      31
      23
      20
      31
      32
      23
      39
      28
      34
      30
      47
      27
      33
      41
      38
      30
      40
      25
      29
      31
      45
      39
      26
      45
      37
      25
      41
      28
      27
      38
      34
      36
      40
      34
      29
      38
      40
      33
      30
      41
      34
      36
      38
      35
      38
      30
      37
      33
      37
      35
      29
      35
      28
      21
      19
      34
      21
      31
      27
      28
      31
      18
      22
      27
      15
      24
      23
      20
      17
      23
      20
      28
      14
      22
      16
      22
      21
      17
      13
      21
      22
      15
      14
      26
      14
      10
      10
       9
       7
       4
      13
      11
       9
      14
      13
      11
       5
       6
       6
      11
       8
       8
      14
       4
       6
       5
       4
       5
      10
       3
       2
       6
       8
       5
       2
       2
       3
       1
       3
       1
       2
       3
       2
       3
       1
       0
       1
       1
       3
       4
       0
       2
       0
       0
       3
       2
       0
       1
       1
       1
       0
       1
       1
       1
       0
       3
       0
       1
       1
       0
       2
       1
       3
       1
       1
       1
       2
       1
       2
       2
       1
       2
       1
       2
       0
       2
       1
       0
       0
       0
       1
       0
       0
       0
       0
       0
       1
       0
       1
       2
       1
       2
       2
       2
       0
       0
       1
       1
       0
       0
       1
       0
       1
       2
       2
       1
       3
       1
       0
       2
       1
       0
       0
       3
       5
       1
       2
       0
       0
       1
       1
       2
       2
       1
       0
       0
       1
       0
       1
       1
       2
       0
       3
       2
       0
       0
       3
       1
       0
       1
       2
       1
       2
       5
       1
       1
       0
       1
       1
       1
       1
       2
       0
       0
       0
       0
       0
       0
       2
       0
       0
       1
       0
       0
       2
       0
       0
       0
       1
       2
       0
       0
       0
       1
       1
       2
       0
       0
       1
       0
       0
       1
       2
       3
       0
       0
       0
       1
       1
       1
       3
       1
       0
       2
       0
       1
       1
       1
       1
       0
       1
       0
       1
       1
       0
       2
       1
       0
       0
       0
       0
       0
       1
       0
       2
       3
       1
       0
       1
       0
       2
       3
       0
       4
       1
       0
       1
       1
       0
       1
       2
       3
       0
       1
       1
       2
       2
       2
       0
       2
       1
       0
       0
       3
       1
       1
       1
       4
       0
       0
       0
       1
       1
       2
       2
       1
       2
       0
       0
       0
       2
       1
       0
       0
       2
       0
       1
       2
       2
       0
       0
       0
       3
       2
       1
       1
       0
       1
       1
       2
       2
       2
       2
       1
       0
       2
       0
       0
       2
       0
       1
       0
       0
       0
       0
       2
       1
       1
       1
       1
       4
       0
       1
       1
       1
       1
       2
       1
       1
       0
       1
       0
       1
       2
       0
       0
       1
       0
       1
       0
       2
       0
       0
       0
       0
       2
       2
       0
       1
       0
       2
       1
       2
       5
       1
       2
       0
       3
       1
       5
       0
       2
       1
       0
       0
       0
       0
       0
       0
       0
       1
       1
       1
       2
       1
       0
       1
       1
       1
       2
       1
       1
       1
       1
       3
       1
       1
       0
       3
       1
       0
       1
       1
       0
       2
       1
       0
       1
       0
       0
       0
       1
       2
       2
       1
       0
       1
       2
       2
       0
       1
       3
       1
       2
       1
       2
       0
       1
       0
       1
       1
       0
       2
       2
       1
       0
       0
       1
       0
       0
       0
       0
       0
       0
       0
       0
       1
       0
       0
       0
       1
       0
       0
       1
       1
       1
       0
       0
       1
       0
       2
       1
       1
       3
       0
       0
       0
       0
       1
       1
       1
       0
       0
       2
       1
       1
       1
       1
       0
       0
       0
       1
       1
       0
       0
       2
       1
       1
       2
       1
       0
       0
       1
       0
       0
       0
       1
       0
       0
       4
       1
       0
       0
       0
       0
       0
       0
       0
       0
       2
       0
       1
       0
       0
       0
       0
       0
       2
       2
       0
       1
       2
       0
       1
       1
       3
       1
       3
       2
       1
       0
       1
       2
       1
       2
       1
       2
       1
       2
       1
       0
       0
       0
       2
       2
       1
       3
       0
       0
       0
       0
       0
       0
       0
       0
       0
       0
       2
       0
       1
       1
       2
       1
       0
       1
       1
       1
       1
       0
       1
       0
       0
       3
       0
       1
       1
       0
       0
       1
       0
       1
       1
       0
       1
       1
       0
       3
       1
       0
       1
       0
       1
       1
       0
       0
       1
       0
       0
       3
       0
       0
       2
       1
       0
       1
       2
       0
       2
       1
       0
       1
       0
       2
       0
       4
       2
       2
       3
       2
       1
       2
       2
       1
       2
       2
       2
       0
       0
       0
       0
       0
       0
       1
       2
       0
       1
       1
       0
       0
       1
       0
       1
       0
       0
       0
       0
       2
       0
       1
       2
       0
       1
       1
       0
       2
       2
       2
       1
       2
       1
       0
       1
       4
       1
       1
       0
       0
       2
       3
       1
       0
       2
       2
       0
       2
       1
       1
       0
       2
       3
       0
       2
       0
       1
       0
       2
       0
       2
       2
       1
       2
       0
       0
       0
       0
       0
       1
       4
       1
       1
       0
       0
       1
       2
       1
       0
       0
       0
       0
       1
       2
       1
       1
       0
       1
       0
       1
       1
       0
       2
       0
       3
       0
       2
       1
       0
       1
       1
       1
       0
       0
       1
       3
       0
       0
       1
       0
       1
       1
       2
       0
       1
       0
       0
       2
       1
       0
       0
       1
       3
       0
       1
       1
       0
       1
       3
       1
       2
       2
       3
       0
       1
       0
       2
       1
       0
       1
       4
       0
       1
       2
       1
       0
       2
       1
       0
       0
       0
       0
       0
       0
       0
       0
       0
       0
       0
       0
       0
       0
       0
       0
       0
       0
       0
       0
       0
       0
       0
       0
       0
       0
       0
       0
       0
       0
       0
       0
       0
$ROI:
0
$PRESETS:
None
0
0
$ENER_FIT:
0.000000 0.376289
$MCA_CAL:
3
0.000000E+000 3.762887E-001 0.000000E+000 keV
$SHAPE_CAL:
3
1.061399E+002 0.000000E+000 0.000000E+000
