$SPEC_ID:
Scatter
$SPEC_REM:
DET# 2
DETDESC# JLAB-9 MCB 136
AP# Maestro Version 7.01
$DATE_MEA:
11/16/2022 14:36:46
$MEAS_TIM:
50 55
$DATA:
0 2047
       0
       0
       0
       0
       0
       0
       0
       0
       0
       0
       0
       0
       0
       0
       0
       0
       0
       0
       0
       0
       0
       0
       0
       0
       0
       0
       0
       0
       0
       0
       0
       0
       0
       0
       0
       0
       0
       0
       0
       0
       0
       0
       0
       0
       0
       0
       0
       0
       0
       0
       0
       0
       0
       0
       0
       0
       0
       0
       0
       0
       0
       0
       0
       0
       0
       0
       0
       0
       0
       0
       0
       0
       0
       0
       0
       0
       0
       0
       0
       0
       0
    1611
    5632
    5712
    5470
    5206
    4821
    4493
    4055
    3679
    3294
    2900
    2505
    2221
    1909
    1612
    1431
    1299
    1055
     854
     760
     628
     577
     533
     425
     408
     364
     330
     282
     277
     245
     260
     272
     295
     267
     292
     276
     251
     309
     312
     310
     364
     364
     361
     396
     398
     396
     421
     450
     460
     457
     475
     509
     487
     474
     507
     570
     501
     515
     534
     476
     500
     514
     512
     478
     442
     468
     439
     424
     432
     402
     408
     404
     423
     428
     454
     456
     431
     430
     432
     481
     418
     508
     493
     483
     518
     590
     570
     549
     542
     551
     570
     583
     575
     571
     552
     553
     515
     564
     552
     525
     539
     577
     583
     566
     606
     588
     654
     683
     695
     764
     725
     778
     842
     902
     946
     982
    1129
    1149
    1207
    1223
    1389
    1400
    1540
    1600
    1649
    1730
    1846
    1897
    2016
    1925
    2021
    2036
    1956
    2005
    1972
    1935
    1927
    1791
    1701
    1677
    1475
    1363
    1325
    1294
    1081
     959
     889
     768
     681
     597
     596
     502
     440
     419
     356
     344
     256
     250
     238
     262
     248
     212
     202
     185
     201
     216
     208
     196
     217
     187
     193
     201
     211
     181
     188
     192
     171
     205
     184
     203
     188
     187
     202
     196
     218
     190
     212
     217
     214
     208
     247
     207
     237
     213
     222
     217
     226
     211
     221
     214
     218
     251
     253
     235
     237
     258
     276
     260
     284
     300
     261
     269
     278
     245
     266
     261
     247
     298
     289
     233
     265
     263
     260
     245
     249
     253
     243
     250
     224
     241
     214
     213
     195
     220
     225
     246
     207
     221
     241
     209
     206
     201
     206
     205
     254
     200
     232
     218
     197
     214
     221
     182
     210
     199
     195
     220
     200
     212
     212
     254
     180
     250
     203
     208
     225
     219
     251
     236
     238
     266
     213
     226
     226
     222
     243
     249
     219
     268
     240
     250
     274
     258
     244
     258
     242
     259
     272
     257
     250
     274
     282
     272
     277
     266
     295
     300
     305
     251
     306
     291
     269
     303
     285
     280
     280
     306
     307
     271
     335
     264
     299
     328
     300
     307
     310
     290
     274
     283
     309
     275
     311
     293
     298
     319
     313
     330
     313
     265
     296
     294
     313
     298
     275
     290
     269
     249
     287
     260
     267
     267
     281
     242
     270
     260
     263
     243
     291
     252
     249
     257
     238
     239
     239
     220
     220
     216
     256
     234
     231
     216
     224
     223
     231
     235
     231
     216
     225
     237
     186
     217
     231
     202
     216
     223
     231
     206
     216
     193
     222
     218
     192
     208
     198
     196
     201
     210
     173
     204
     194
     191
     209
     185
     213
     172
     192
     210
     194
     182
     195
     176
     179
     184
     182
     182
     218
     166
     183
     168
     171
     169
     156
     166
     186
     153
     156
     159
     182
     163
     147
     172
     146
     160
     158
     152
     145
     135
     162
     168
     152
     163
     148
     148
     160
     142
     150
     150
     158
     154
     130
     144
     157
     139
     132
     162
     140
     134
     140
     138
     146
     148
     151
     130
     108
     129
     148
     158
     126
     139
     148
     132
     134
     146
     133
     126
     128
     135
     119
     121
     117
     114
     114
     124
     161
     136
     127
     126
     125
     112
     124
     102
     137
     108
     102
     120
     134
     113
     124
     123
     127
     108
     113
     117
     118
     122
     122
     118
     114
     110
     104
     113
     100
      96
     119
     108
     108
     114
     105
     112
     108
      91
     119
     133
     118
     100
      99
     109
      91
     103
     127
     105
      96
     103
     104
      95
     109
      82
     112
     107
     101
     102
     110
     119
      85
     124
     103
     105
     100
     125
      89
     126
     124
     144
     117
      96
     116
     118
      98
     124
     127
     133
     133
     126
     120
     134
     106
     159
     135
     127
     159
     150
     129
     166
     137
     147
     159
     177
     163
     151
     157
     177
     179
     179
     173
     177
     164
     193
     191
     220
     197
     206
     204
     241
     189
     219
     233
     222
     228
     207
     238
     228
     235
     232
     213
     240
     232
     255
     224
     228
     257
     239
     223
     225
     251
     248
     255
     263
     247
     262
     266
     264
     248
     285
     238
     229
     277
     277
     282
     287
     283
     271
     266
     275
     290
     269
     271
     306
     301
     269
     308
     306
     324
     290
     312
     295
     312
     306
     306
     335
     363
     359
     354
     365
     337
     344
     323
     340
     353
     375
     373
     364
     325
     383
     341
     362
     342
     379
     365
     382
     375
     371
     358
     370
     348
     378
     371
     415
     352
     371
     385
     357
     372
     324
     320
     355
     355
     332
     338
     293
     339
     281
     298
     306
     297
     266
     306
     271
     254
     282
     252
     265
     273
     265
     232
     216
     232
     214
     226
     213
     193
     196
     199
     201
     212
     196
     219
     230
     203
     194
     213
     184
     180
     201
     209
     204
     196
     207
     216
     212
     208
     211
     227
     237
     267
     235
     306
     282
     291
     241
     288
     311
     296
     282
     304
     328
     332
     321
     360
     393
     416
     390
     412
     420
     396
     465
     449
     489
     492
     471
     538
     527
     532
     541
     568
     598
     593
     611
     646
     638
     650
     638
     683
     695
     683
     762
     703
     729
     733
     761
     742
     753
     796
     769
     864
     760
     762
     814
     802
     852
     795
     853
     814
     808
     853
     880
     857
     782
     855
     842
     856
     798
     734
     828
     821
     760
     817
     808
     801
     786
     745
     794
     754
     714
     756
     727
     716
     671
     706
     708
     639
     663
     660
     632
     597
     615
     622
     551
     518
     519
     537
     482
     478
     490
     488
     494
     469
     451
     402
     415
     407
     431
     429
     391
     333
     387
     346
     347
     378
     334
     306
     349
     322
     318
     341
     318
     308
     282
     266
     273
     268
     256
     248
     281
     279
     242
     258
     245
     212
     222
     246
     215
     195
     213
     219
     218
     212
     211
     183
     249
     208
     207
     174
     197
     202
     166
     192
     187
     168
     178
     168
     173
     168
     149
     141
     146
     141
     138
     135
     150
     146
     151
     149
     140
     117
     112
     124
     126
     129
     130
     101
      93
     112
      99
     118
     106
     100
      84
      72
      63
      79
      89
      94
      75
      75
      70
      76
      66
      51
      82
      72
      55
      56
      69
      73
      68
      47
      55
      44
      65
      81
      57
      63
      44
      63
      53
      52
      60
      61
      53
      57
      48
      43
      68
      51
      44
      44
      49
      48
      46
      57
      47
      57
      40
      39
      50
      40
      57
      63
      62
      51
      62
      51
      42
      57
      64
      67
      55
      54
      53
      53
      53
      54
      60
      58
      64
      60
      51
      45
      54
      60
      37
      60
      50
      50
      62
      60
      55
      62
      57
      59
      54
      61
      58
      53
      67
      52
      61
      42
      59
      50
      58
      64
      47
      49
      49
      47
      54
      49
      50
      47
      48
      43
      55
      45
      43
      34
      42
      45
      41
      32
      45
      37
      45
      37
      37
      32
      31
      46
      37
      38
      39
      31
      27
      37
      41
      25
      30
      31
      28
      40
      22
      24
      37
      28
      30
      31
      20
      21
      22
      29
      26
      20
      17
      25
      20
      19
      17
      22
      19
      24
      26
      18
      18
      20
      15
      12
      22
      22
      15
      28
      15
      23
      14
       8
      13
      23
      12
      16
      25
      24
      18
      15
      13
      15
      13
      13
      22
       9
      15
      15
      17
      14
      17
      12
      10
      18
      13
      13
      16
      18
      21
      11
      20
      15
      17
      18
      14
      15
      16
      14
      21
      23
      23
      18
      15
      23
      17
      20
      23
      20
      21
      13
      17
      18
      27
      26
      17
      20
      17
      17
      22
      19
      23
      17
      12
      22
      17
      19
      21
      12
      21
      23
      14
      23
      17
      16
      14
      17
      19
      22
      17
      15
      14
      17
      17
      23
      21
      19
      15
      15
      16
      16
      19
      14
       6
      22
      18
      15
      14
      13
      17
      16
      17
      12
      13
      12
      10
      19
      18
      12
      12
      12
       9
       9
      13
      17
      12
      13
      19
      15
      16
      12
      10
      14
       5
      16
       7
       7
       8
       8
      12
      10
      13
      12
       6
      11
      12
      10
      16
       8
       9
       9
      10
       6
       9
       6
      11
      11
      11
      14
      13
       8
      13
      13
       4
       3
       9
       5
      12
       8
      10
       7
       9
      11
      11
       4
       5
       8
       8
       9
       6
      10
       8
       5
       6
       5
       6
       7
       2
       6
      12
      10
       7
      12
       7
       8
       5
       3
       8
      13
      12
       5
       6
       9
       5
      11
       5
      13
       7
      11
       6
      11
       4
       8
      11
       8
       9
       2
       3
      10
       4
       6
      10
      10
       7
       5
       8
       5
       6
       4
       5
       8
       5
       4
       5
       9
       4
       4
       6
       6
       9
       6
       4
       2
       5
      10
       8
       6
      10
      11
       8
       8
       7
       8
       8
      12
       5
       5
       5
       9
       5
       6
       8
       4
      11
       6
      10
       9
       7
       5
       3
       8
       3
       9
       7
       7
      10
       7
       5
       5
       7
       6
       4
       7
      12
      11
       8
       4
       5
      10
       4
       4
       9
       0
       7
       7
       5
       5
       5
       4
       7
       9
       5
       9
      13
       9
       3
       6
       6
       3
       6
       7
       5
       1
      10
       3
       6
      10
      12
       6
       6
       2
       6
       6
       8
       6
       1
       8
       5
       5
       9
       5
      12
       6
       4
      11
       8
       7
       9
       8
       7
       5
       5
       7
       6
       8
       3
       9
       6
       8
       7
       9
       2
      10
       8
      17
      12
       8
       8
      10
       5
       6
       8
       4
      12
       8
       4
       6
       9
      12
      14
      11
      14
       7
      15
       8
      17
      15
       5
      12
      11
      11
      15
       8
       8
       7
       8
       9
      14
      11
      10
      11
      14
      13
      10
      13
      15
      12
       7
      10
      15
      14
      20
      18
      23
      11
      11
      16
      16
      12
       9
      16
      10
      17
      17
      16
       8
      16
      12
      12
       8
      14
      16
      20
      23
      12
      15
      12
      14
      20
      16
      18
       8
      20
      20
      14
      20
      16
      18
      11
      11
      18
      17
      16
      17
      14
      18
      15
      11
       6
      12
      10
      17
      18
      11
      22
      10
      11
      18
       9
      12
      10
      18
       4
      18
      13
       8
      12
       8
      13
      11
       8
      14
      11
      15
      10
      14
       7
       7
      14
      17
      14
       9
      11
       9
      11
       6
      15
       4
      13
       9
      10
       4
      15
       9
      11
       4
       8
       5
       7
       4
       3
       6
      10
       8
       6
       4
       6
       2
       6
       5
       6
      11
       9
       8
       9
       3
       3
       8
       2
       2
       3
       5
       6
       5
       6
       3
       3
       6
       2
       8
       4
       4
      10
       3
       4
       3
       3
       5
       5
       3
       8
       3
       6
       7
       2
       4
       5
       4
       4
       8
       6
       3
       3
       6
       2
       2
       2
       3
       2
       3
       5
       5
       4
       3
       2
       1
       1
       4
       6
       3
       3
       1
       8
       1
       0
       0
       6
       6
       0
       2
       0
       4
       3
       2
       4
       2
       9
       4
       5
       3
       5
       4
       3
       0
       2
       0
       7
       3
       3
       2
       6
       3
       3
       2
       5
       5
       2
       3
       3
       2
       0
       4
       4
       6
       1
       7
       2
       2
       3
       1
       1
       2
       0
       3
       4
       4
       5
       2
       2
       2
       5
       3
       5
       8
       5
       2
       2
       0
       2
       4
       4
       1
       1
       2
       3
       2
       3
       3
       1
       3
       2
       2
       3
       3
       1
       1
       1
       4
       1
       3
       3
       4
       2
       2
       2
       1
       1
       3
       1
       4
       0
       2
       1
       3
       1
       2
       3
       1
       0
       1
       3
       1
       0
       3
       2
       4
       0
       1
       3
       3
       0
       2
       1
       2
       3
       1
       1
       0
       2
       3
       3
       0
       2
       3
       2
       2
       3
       1
       4
       2
       4
       1
       3
       3
       2
       0
       1
       4
       2
       5
       3
       1
       0
       1
       0
       1
       1
       1
       0
       2
       0
       1
       1
       1
       3
       1
       1
       4
       3
       4
       3
       5
       4
       3
       1
       1
       2
       5
       3
       3
       4
       0
       3
       2
       1
       0
       2
       1
       3
       1
       4
       1
       0
       0
       0
       0
       2
       1
       2
       0
       2
       1
       0
       3
       3
       2
       0
       2
       0
       0
       1
       3
       0
       1
       1
       0
       1
       1
       1
       3
       1
       1
       1
       0
       4
       0
       2
       1
       2
       1
       2
       0
       0
       2
       0
       0
       0
       3
       0
       0
       1
       1
       2
       1
       2
       0
       0
       2
       2
       1
       0
       2
       0
       2
       2
       2
       1
       3
       1
       1
       1
       3
       0
       3
       2
       4
       2
       0
       3
       0
       4
       0
       2
       0
       0
       3
       0
       6
       2
       1
       2
       1
       0
       2
       0
       0
       1
       0
       2
       1
       0
       1
       1
       1
       0
       2
       3
       0
       2
       2
       2
       0
       1
       1
       1
       0
       0
       0
       0
       0
       0
       0
       0
       0
       0
       0
       0
       0
       0
       0
       0
       0
       0
       0
       0
       0
       0
       0
       0
       0
       0
       0
       0
       0
       0
       0
       0
$ROI:
0
$PRESETS:
None
0
0
$ENER_FIT:
0.000000 0.376604
$MCA_CAL:
3
0.000000E+000 3.766040E-001 0.000000E+000 keV
$SHAPE_CAL:
3
9.515098E+001 0.000000E+000 0.000000E+000
