$SPEC_ID:
Target
$SPEC_REM:
DET# 1
DETDESC# JLAB-9 MCB 135
AP# Maestro Version 7.01
$DATE_MEA:
11/16/2022 14:16:35
$MEAS_TIM:
185 222
$DATA:
0 2047
       0
       0
       0
       0
       0
       0
       0
       0
       0
       0
       0
       0
       0
       0
       0
       0
       0
       0
       0
       0
       0
       0
       0
       0
       0
       0
       0
       0
       0
       0
       0
       0
       0
       0
       0
       0
       0
       0
       0
       0
       0
       0
       0
       0
       0
       0
       0
       0
       0
       0
       0
       0
       0
       0
       0
       0
       0
       0
       0
       0
       0
       0
       0
       0
       0
       0
       0
       0
       0
       0
       0
       0
       0
       0
       0
       0
       0
       0
       0
      19
   29580
   43270
   44316
   44286
   43104
   41494
   38609
   35278
   31967
   27906
   24638
   21584
   18421
   15943
   13849
   11896
   10239
    8970
    7529
    6596
    5693
    4921
    4316
    3678
    3199
    3103
    2686
    2540
    2423
    2245
    2255
    2160
    2249
    2187
    2289
    2205
    2248
    2302
    2305
    2395
    2434
    2469
    2631
    2718
    2720
    2870
    2925
    3032
    3163
    3195
    3437
    3341
    3603
    3646
    3780
    3838
    3806
    4099
    3985
    4080
    4013
    4055
    4062
    3929
    4000
    3900
    3932
    3775
    3912
    3876
    3872
    3954
    4085
    4080
    4160
    4363
    4401
    4704
    4872
    4990
    5210
    5331
    5564
    5684
    5859
    5817
    5944
    5763
    5961
    5807
    5785
    5788
    5559
    5425
    5258
    5143
    4927
    4764
    4690
    4668
    4394
    4463
    4459
    4347
    4403
    4381
    4349
    4505
    4626
    4678
    5021
    5131
    5402
    5761
    6241
    6625
    7253
    7667
    8137
    8824
    9457
   10186
   10760
   11345
   12055
   12492
   13039
   13502
   13803
   13807
   14072
   13635
   13662
   13178
   12723
   12145
   11419
   10761
   10019
    9177
    8279
    7545
    6844
    6072
    5531
    4806
    4485
    3866
    3428
    3010
    2856
    2690
    2442
    2259
    2139
    2040
    1914
    1840
    1828
    1817
    1826
    1749
    1728
    1791
    1691
    1791
    1753
    1760
    1769
    1790
    1772
    1756
    1803
    1839
    1843
    1804
    1805
    1799
    1772
    1807
    1984
    1861
    1844
    1820
    1939
    1933
    1858
    1947
    1968
    2006
    2042
    2016
    2084
    2142
    2232
    2277
    2374
    2424
    2585
    2546
    2588
    2692
    2749
    2787
    2883
    2918
    3019
    3085
    3180
    3163
    3347
    3268
    3279
    3150
    3147
    3117
    3081
    3112
    3029
    2945
    2839
    2734
    2658
    2504
    2409
    2368
    2297
    2186
    2112
    2003
    1951
    1872
    1864
    1807
    1638
    1726
    1684
    1616
    1559
    1594
    1514
    1603
    1529
    1568
    1534
    1518
    1479
    1567
    1538
    1546
    1627
    1577
    1540
    1580
    1524
    1670
    1622
    1581
    1738
    1608
    1631
    1725
    1717
    1720
    1642
    1770
    1710
    1806
    1758
    1761
    1778
    1828
    1824
    1804
    1829
    1853
    1918
    1901
    1966
    1895
    1899
    1947
    1914
    1954
    2033
    2069
    2014
    2012
    1985
    2088
    2072
    2044
    2082
    2109
    2029
    2105
    2119
    2024
    2088
    2034
    2006
    1997
    2113
    2008
    1996
    2029
    2076
    2077
    1998
    1934
    2017
    1970
    1987
    1866
    1927
    1870
    1889
    1788
    1894
    1852
    1817
    1808
    1850
    1766
    1797
    1778
    1671
    1706
    1701
    1635
    1708
    1562
    1709
    1706
    1557
    1614
    1596
    1618
    1511
    1557
    1605
    1481
    1519
    1537
    1499
    1522
    1545
    1475
    1490
    1492
    1481
    1564
    1487
    1428
    1426
    1489
    1429
    1390
    1382
    1466
    1447
    1401
    1411
    1447
    1404
    1432
    1326
    1344
    1414
    1378
    1381
    1401
    1345
    1371
    1330
    1405
    1337
    1361
    1291
    1279
    1300
    1331
    1301
    1326
    1288
    1273
    1274
    1263
    1244
    1288
    1218
    1224
    1259
    1210
    1135
    1285
    1218
    1206
    1247
    1169
    1171
    1201
    1109
    1208
    1115
    1139
    1155
    1156
    1139
    1060
    1087
    1123
    1090
    1079
    1105
    1063
    1074
    1140
    1047
    1074
    1106
    1141
     981
    1027
     951
     986
    1036
    1025
     975
    1015
    1061
     972
    1024
     986
    1003
     988
     985
     992
     947
     957
     962
     990
     905
     990
     948
     994
     917
     952
     950
     928
     959
     945
     941
    1010
     889
     932
     991
     959
     897
     951
     978
     979
     982
     983
     884
     891
     935
     927
     932
     875
     902
     899
     929
     826
     888
     882
     851
     849
     869
     917
     823
     895
     877
     809
     854
     889
     875
     870
     872
     855
     904
     888
     872
     855
     817
     843
     840
     852
     845
     855
     848
     873
     880
     900
     855
     856
     847
     804
     878
     883
     878
     881
     898
     855
     862
     974
     861
     923
     982
     860
     895
     925
     884
     931
     986
     940
     971
    1003
     976
     940
    1024
     949
    1009
    1019
    1033
    1070
    1074
    1134
    1115
    1132
    1114
    1147
    1109
    1137
    1129
    1138
    1174
    1237
    1237
    1272
    1251
    1295
    1302
    1295
    1201
    1290
    1330
    1369
    1391
    1334
    1402
    1340
    1434
    1386
    1364
    1443
    1487
    1440
    1402
    1434
    1454
    1443
    1486
    1540
    1490
    1495
    1464
    1519
    1563
    1558
    1557
    1601
    1603
    1690
    1654
    1665
    1700
    1635
    1747
    1728
    1698
    1758
    1709
    1758
    1751
    1847
    1798
    1905
    1847
    1796
    1938
    1910
    1886
    1842
    1944
    2021
    1964
    2010
    2031
    2067
    2085
    2066
    2055
    2028
    2083
    2061
    2099
    2145
    2088
    2157
    2152
    2186
    2104
    2194
    2193
    2248
    2249
    2231
    2180
    2233
    2183
    2235
    2209
    2192
    2221
    2215
    2184
    2220
    2244
    2178
    2160
    2102
    2129
    2077
    2109
    2124
    2151
    2105
    2153
    2050
    2137
    2034
    2017
    2036
    1943
    1916
    1860
    1936
    1880
    1839
    1836
    1820
    1775
    1733
    1735
    1863
    1711
    1800
    1830
    1788
    1749
    1694
    1805
    1716
    1753
    1701
    1834
    1749
    1859
    1795
    1882
    1912
    1938
    1959
    1975
    1920
    1967
    2067
    2107
    2090
    2101
    2268
    2222
    2419
    2416
    2493
    2487
    2517
    2559
    2546
    2656
    2765
    2767
    2814
    2907
    2960
    3014
    3195
    3202
    3253
    3327
    3385
    3390
    3391
    3547
    3626
    3658
    3743
    3820
    3835
    4068
    3924
    4058
    4053
    4023
    4210
    4265
    4340
    4361
    4316
    4478
    4443
    4502
    4394
    4536
    4629
    4560
    4670
    4604
    4715
    4660
    4649
    4670
    4598
    4689
    4680
    4691
    4742
    4592
    4655
    4695
    4635
    4616
    4437
    4576
    4607
    4610
    4438
    4516
    4489
    4405
    4365
    4235
    4337
    4337
    4229
    4111
    4257
    4148
    3987
    3940
    3989
    3825
    3814
    3811
    3770
    3669
    3637
    3580
    3557
    3496
    3449
    3350
    3302
    3225
    3201
    3093
    3121
    3225
    3136
    2837
    2935
    2818
    2848
    2784
    2792
    2940
    2708
    2685
    2551
    2619
    2641
    2632
    2541
    2517
    2558
    2494
    2484
    2415
    2438
    2454
    2422
    2357
    2403
    2370
    2353
    2311
    2272
    2341
    2317
    2271
    2254
    2163
    2189
    2118
    2071
    2188
    2099
    2140
    2075
    2083
    2061
    2071
    2016
    2055
    1923
    1988
    1962
    1936
    1901
    1841
    1741
    1854
    1887
    1692
    1788
    1719
    1723
    1647
    1658
    1671
    1585
    1608
    1607
    1565
    1454
    1431
    1429
    1467
    1419
    1392
    1380
    1345
    1309
    1324
    1264
    1218
    1198
    1183
    1139
    1117
    1141
    1101
    1087
    1116
    1020
    1045
     988
     957
     946
     941
     960
     954
     884
     886
     938
     848
     881
     952
     893
     832
     865
     823
     869
     833
     789
     824
     833
     829
     822
     864
     837
     780
     806
     827
     859
     838
     803
     785
     835
     848
     822
     824
     776
     819
     821
     841
     804
     818
     857
     801
     812
     799
     837
     843
     839
     851
     812
     887
     842
     848
     780
     787
     833
     804
     816
     803
     840
     794
     832
     828
     816
     840
     876
     826
     806
     774
     778
     791
     827
     806
     796
     794
     762
     716
     734
     758
     790
     715
     749
     717
     693
     701
     680
     695
     672
     718
     703
     684
     627
     673
     643
     677
     636
     582
     563
     600
     608
     584
     573
     559
     591
     561
     513
     517
     579
     450
     524
     430
     467
     497
     468
     467
     419
     435
     430
     423
     428
     397
     373
     380
     373
     387
     355
     346
     378
     365
     341
     342
     363
     316
     310
     295
     303
     291
     282
     258
     264
     311
     303
     285
     236
     281
     247
     283
     261
     283
     253
     264
     242
     239
     260
     233
     249
     231
     228
     256
     201
     223
     224
     218
     218
     235
     218
     211
     206
     206
     222
     215
     194
     230
     215
     196
     232
     206
     195
     190
     182
     167
     195
     224
     190
     190
     178
     196
     175
     186
     190
     176
     192
     159
     187
     174
     172
     170
     160
     165
     158
     170
     164
     152
     169
     154
     159
     173
     154
     136
     131
     129
     146
     124
     136
     152
     134
     144
     134
     145
     150
     132
     135
     144
     138
     119
     139
     120
     132
     113
     142
     128
     119
     103
     105
     116
     128
     136
     122
     117
     119
     112
     110
     116
     112
     145
     114
     117
     111
     101
     106
     106
      96
     115
     101
     100
      83
     110
     119
     122
     123
     102
     110
     103
     122
      94
      97
     112
     106
      98
      92
      91
      80
      92
      90
      77
      92
     110
     100
      94
     103
      93
      76
      91
      96
      94
     101
      79
      68
     100
      80
      98
      89
      87
      85
      63
      93
      83
      75
      93
      87
      72
      87
      81
      85
      92
      82
      93
      84
      71
      74
      90
      93
      90
      92
      72
      78
      83
      84
      80
      56
      87
      74
      80
      80
      88
      87
      90
      68
      79
      81
      75
      88
      69
      85
      83
      82
      86
      73
      77
      78
      77
      66
      86
      73
      92
      77
      78
      83
      59
      73
      73
      72
      74
      66
      65
      77
      67
     101
      76
      77
      73
      68
      82
      75
      74
      89
      78
      76
      92
      64
      72
      78
      71
      64
      66
      55
      85
      73
      72
      86
      69
      81
      79
      81
      81
      69
      76
      73
      79
      85
      73
      80
      66
      80
      92
      81
      78
      76
      83
      66
      78
      90
      92
      98
      74
      97
      72
      96
      80
      99
      73
      90
      85
      87
      94
      82
      74
      85
      86
     102
      79
      76
      97
     108
     107
     101
     102
      84
      99
      98
      89
     111
     110
      84
     101
      85
     125
     107
     105
     103
     102
     118
     120
     114
     115
     128
     108
     153
     113
     113
     102
     106
     113
     113
     145
     129
     128
     102
     144
     128
     135
     141
     132
     136
     134
     164
     122
     144
     146
     161
     138
     138
     160
     173
     141
     143
     167
     170
     149
     156
     163
     190
     150
     175
     201
     176
     173
     179
     169
     174
     179
     201
     174
     160
     179
     197
     188
     193
     202
     191
     222
     187
     181
     196
     229
     193
     208
     201
     228
     240
     218
     203
     231
     206
     228
     198
     204
     234
     203
     241
     230
     238
     229
     232
     229
     202
     201
     189
     229
     217
     223
     216
     206
     244
     214
     190
     217
     232
     220
     201
     207
     221
     202
     227
     211
     179
     179
     229
     213
     187
     205
     169
     192
     193
     172
     210
     211
     188
     174
     186
     178
     178
     175
     197
     179
     167
     155
     182
     152
     129
     160
     156
     181
     141
     151
     132
     148
     135
     138
     135
     140
     124
     134
     137
     123
     130
     123
     101
     112
     117
     105
     113
     104
     106
      93
     107
     101
      94
      98
      88
      87
      94
      98
      69
      81
      80
      83
     101
      77
      76
      73
     106
      72
      80
      76
      63
      68
      69
      58
      69
      66
      72
      79
      60
      58
      50
      65
      66
      59
      57
      57
      42
      54
      73
      57
      54
      59
      59
      57
      55
      49
      50
      52
      53
      43
      43
      61
      42
      53
      55
      57
      42
      46
      52
      47
      59
      38
      46
      51
      57
      47
      49
      41
      44
      52
      39
      47
      45
      38
      38
      50
      37
      39
      47
      49
      30
      45
      52
      49
      45
      33
      40
      45
      38
      47
      47
      33
      31
      42
      33
      34
      37
      41
      37
      36
      36
      35
      41
      36
      37
      31
      36
      36
      40
      31
      35
      34
      28
      37
      32
      41
      38
      39
      31
      26
      29
      37
      37
      26
      44
      27
      41
      38
      27
      30
      40
      24
      24
      33
      34
      26
      31
      31
      35
      44
      45
      31
      33
      29
      34
      33
      33
      24
      28
      34
      33
      33
      28
      33
      21
      35
      22
      26
      40
      32
      20
      22
      35
      41
      31
      31
      20
      27
      42
      29
      29
      25
      21
      27
      22
      28
      26
      33
      31
      20
      29
      30
      23
      23
      25
      20
      28
      23
      29
      29
      27
      27
      24
      20
      21
      25
      25
      23
      29
      20
      20
      24
      25
      21
      28
      14
      25
      19
      16
      20
      16
      20
      26
      17
      20
      25
      23
      18
      17
      17
      25
      20
      17
      13
      16
      15
      16
      17
      17
      27
      18
      19
      16
      18
      13
      19
      20
      16
      18
      12
      28
      11
      11
      24
      14
      17
      16
      16
      19
      22
      20
      19
      24
      19
      13
      15
      16
      16
      16
      11
      17
      20
      16
      21
      20
      14
      23
      16
      10
      14
      13
      16
      13
      18
      17
      15
      12
      11
      17
      21
      17
      18
      14
      19
       7
       7
      13
      16
       9
      15
      15
      12
       9
      10
      17
      12
      17
      11
      13
      14
      14
       7
      13
      17
      13
      15
       9
      15
      15
      16
      20
      14
       7
      10
       9
      13
      14
       7
      12
      15
      12
       6
      11
       9
       8
      16
      14
      10
       6
      10
      14
      11
      13
      11
      11
      16
       7
      12
      16
      18
       9
      13
       8
      13
      11
       9
      10
       7
       8
      11
       6
       9
       8
       5
       9
      10
       7
       5
       7
       7
      12
       6
      14
       6
      10
       8
       7
       6
       5
      12
       8
       6
      10
       6
       9
      12
       9
       9
       9
      11
       6
      10
       9
      15
      12
       8
      10
       8
       8
       8
       7
       6
       5
      13
       9
       9
       9
      10
       7
      12
       8
       9
       6
      12
       6
       9
      10
       7
      12
      13
       9
       6
       7
       9
       7
       8
       8
       8
      15
       8
      10
       5
      10
       4
       7
       3
      14
       6
       5
       8
       7
       8
       7
       7
       7
       5
       4
       9
      13
       8
      10
       3
       9
       7
      10
      10
       6
      12
      11
       2
      12
       6
      10
       7
       9
       7
       8
      10
       4
       4
       9
       6
       4
       0
       0
       0
       0
       0
       0
       0
       0
       0
       0
       0
       0
       0
       0
       0
       0
       0
       0
       0
       0
       0
       0
       0
       0
       0
       0
       0
       0
       0
       0
       0
       0
$ROI:
0
$PRESETS:
None
0
0
$ENER_FIT:
0.000000 0.376289
$MCA_CAL:
3
0.000000E+000 3.762887E-001 0.000000E+000 keV
$SHAPE_CAL:
3
1.061399E+002 0.000000E+000 0.000000E+000
