$SPEC_ID:
Target
$SPEC_REM:
DET# 1
DETDESC# JLAB-9 MCB 135
AP# Maestro Version 7.01
$DATE_MEA:
11/16/2022 16:46:06
$MEAS_TIM:
45 47
$DATA:
0 2047
       0
       0
       0
       0
       0
       0
       0
       0
       0
       0
       0
       0
       0
       0
       0
       0
       0
       0
       0
       0
       0
       0
       0
       0
       0
       0
       0
       0
       0
       0
       0
       0
       0
       0
       0
       0
       0
       0
       0
       0
       0
       0
       0
       0
       0
       0
       0
       0
       0
       0
       0
       0
       0
       0
       0
       0
       0
       0
       0
       0
       0
       0
       0
       0
       0
       0
       0
       0
       0
       0
       0
       0
       0
       0
       0
       0
       0
       0
       0
       1
      60
      78
      65
      77
      76
      57
      77
      76
      71
      64
      82
      74
      66
      81
      73
      68
      73
      71
      89
      95
      76
      60
      72
      71
      66
      75
      82
      82
      95
      84
      65
      87
      83
      68
      65
      78
      82
      98
     106
      58
      79
      85
      83
      73
      83
      82
      69
      89
      74
      91
      81
      75
      85
      90
      71
      70
      90
      79
      77
      85
     105
      66
     102
      80
      84
      77
     103
      91
      74
      69
      92
      91
      73
      84
      76
      89
      79
      93
      75
      90
      97
      83
      99
      90
     115
      93
      99
      84
      98
      98
     106
      99
      96
      99
     106
     105
     101
     104
     118
     104
     108
     114
     108
     122
     112
     108
     111
     105
     132
     116
     101
     111
     114
     126
      96
     117
     114
     116
     130
      90
     109
     108
     125
     111
     143
     116
     122
     114
     102
     119
     107
     110
     114
     101
     120
      96
     109
      99
      99
      97
      96
      98
      86
      93
     102
     101
     109
     101
      98
      94
     115
     102
     119
      83
      88
      86
     108
      96
      91
      94
      89
     102
      94
      85
      76
      89
      98
      95
     105
     111
     116
      90
     104
      93
      94
      92
     110
      89
      91
     107
      94
      89
      98
      81
      97
     104
      93
      90
      93
      87
      99
     115
      96
      78
      99
     103
      94
      94
     100
      92
     100
      84
      98
      99
      97
      97
     100
      92
      91
     111
      99
      95
      97
      92
     110
      93
     116
     104
      95
     103
      94
     102
     101
      72
     100
     107
     104
      95
     123
      81
     114
     131
     118
      99
      91
      93
     110
     132
     113
      98
      78
      93
     102
      99
     108
     100
      85
      86
     102
     113
      88
      93
     108
      91
     106
     108
     101
     115
     107
     102
      98
      91
     106
      92
      98
     106
     109
      92
      88
      91
      93
     100
     104
      93
     101
     105
      86
     101
     107
     108
     113
      94
     122
      94
     114
     104
     127
      99
      96
      75
      98
     106
     102
     102
     118
     105
     106
     119
      95
     101
     111
      95
     116
     111
     100
      95
      96
     128
      99
     108
     111
     114
      82
     101
     114
      93
     104
      96
     107
      97
      97
     103
      99
      83
      97
     103
     102
     101
      95
      91
     120
     110
      99
     117
     113
      96
     104
      95
     105
      88
     107
      97
      88
      93
      98
     116
     104
      94
     117
     123
     107
     122
     111
     108
      94
     122
      96
     125
     133
      97
     118
      92
     110
      94
     126
      76
     109
     120
     108
     117
     108
      94
     112
     129
     118
     105
     111
      99
     115
     127
     112
     104
      94
     106
     104
     116
     116
     103
     135
     111
     111
     109
     121
     132
     107
     106
     132
     136
      97
     103
     103
     103
     117
     120
      97
     120
     104
      91
     102
     120
     108
     132
      97
      99
      85
     104
     106
     101
     103
     121
      97
     122
     103
     103
     121
      88
      99
      80
      97
      99
     108
      96
      95
     104
     100
      98
      94
      94
     101
      91
     106
      96
     112
     111
      96
     118
     110
      99
     109
     102
     105
      92
     100
     113
     112
     101
     100
      96
     112
     106
      91
      93
      97
      86
     108
     118
     107
      93
     111
      99
      91
      98
      91
      94
      98
      76
      96
     103
      99
     103
     100
      99
      90
      76
      87
      85
      82
     101
      86
      85
      85
      92
      99
      88
      83
      82
     100
      93
      90
     103
     113
      88
      85
      95
      90
      75
      96
      80
      79
      85
      91
     107
      92
      84
      88
      92
     103
      91
      86
      96
      87
      77
     101
      98
     106
      73
      80
      78
     103
      97
      86
     103
      92
      91
      80
      92
      90
      86
      76
      94
     105
      81
      86
      87
      85
      87
      81
      93
      98
      82
      93
      85
      83
     101
      72
      92
      67
      96
      68
      99
      85
      90
      97
     107
      70
      84
      85
      82
      76
      98
      81
      88
      88
     107
      89
      86
      81
      79
     103
      84
      79
      75
      84
      91
      72
      97
      94
      91
      99
      88
     102
      93
      95
      85
      79
      80
      96
      83
      88
      89
      99
      89
      74
      90
      96
      71
      88
     100
      78
      90
      75
      79
      88
      84
      88
      78
      88
      89
      94
     102
      83
      88
      84
      79
      85
      85
      96
      86
      94
      81
      76
      91
      92
      97
      87
      81
      99
      84
      78
      86
      92
      77
      86
      77
      82
      73
     103
      79
      72
      74
      93
      77
      82
      89
      82
      72
      68
      82
      88
      83
      89
      66
      85
      94
      72
      80
      86
      90
      68
      73
      90
      85
      93
      60
      98
      97
      77
      83
      82
      71
      66
      84
      73
      86
      69
      78
      94
      84
      83
      92
      77
      89
      73
      82
      77
      85
     101
      90
      73
      79
      80
      73
      77
      82
      76
      78
      84
      89
      92
      89
     100
     101
      97
      84
      81
      72
      69
      92
      75
      91
      72
     103
      80
     103
     104
      74
      93
      66
      76
      88
      77
      92
      98
      75
     111
      86
      88
      91
      84
      75
      79
      88
      81
      80
      72
     100
      95
      84
      85
      67
      71
      77
      73
      74
      92
      83
      73
      86
      82
      78
      76
      90
      65
     104
      90
     100
      95
      84
      83
      73
      94
      86
     102
      91
      98
      87
      87
      80
      94
      76
      92
      96
      94
      77
      91
      89
      74
      72
      91
      92
      76
      83
      75
      94
      85
      72
      64
      84
      76
     101
      92
      99
      89
      68
      85
      73
      91
      87
      90
      72
      77
      85
      97
      90
      74
      83
      78
      90
      74
      74
      88
      85
      94
      69
      86
      90
      82
      87
      81
      89
      86
      95
      87
      96
      83
      90
      69
      86
      67
      69
      74
      78
     101
     114
      83
      87
      94
      84
      91
      90
      82
      73
      77
     101
      95
      74
      84
      67
      79
      86
      82
      86
      88
      90
      93
      82
      72
      84
      69
      75
     105
      73
      78
      92
      75
      73
      90
      88
      81
      91
      82
      80
      66
      68
     104
      84
      72
      93
      81
      84
      69
      94
      93
      94
      73
      88
      82
      90
      77
      85
      80
      78
      89
      83
     101
      86
      73
      90
      86
      88
     103
      94
      90
      97
      84
      75
      75
      69
     105
      91
      82
      83
      86
      82
      77
      89
      82
      73
      76
      88
      85
      75
      77
      81
      70
      77
      74
      81
      70
     100
      77
      73
      73
      84
      62
      60
      66
      85
      66
      80
      66
      93
      61
      72
      75
      62
      71
      43
      63
      66
      74
      62
      72
      80
      71
      70
      68
      70
      49
      65
      58
      66
      53
      63
      58
      50
      64
      65
      53
      57
      58
      61
      67
      56
      56
      47
      51
      45
      53
      57
      47
      60
      46
      43
      52
      48
      45
      56
      45
      55
      44
      53
      40
      50
      44
      43
      43
      39
      42
      52
      36
      47
      40
      34
      36
      53
      45
      55
      48
      42
      45
      53
      36
      33
      37
      38
      43
      53
      46
      40
      47
      34
      43
      34
      39
      40
      41
      41
      37
      46
      46
      36
      35
      35
      41
      40
      43
      30
      47
      41
      37
      43
      51
      44
      41
      50
      44
      38
      40
      48
      36
      25
      48
      45
      41
      36
      38
      42
      39
      35
      36
      33
      29
      25
      33
      36
      40
      30
      25
      37
      53
      39
      41
      20
      35
      36
      35
      29
      30
      24
      33
      36
      40
      31
      31
      40
      34
      39
      34
      22
      43
      34
      33
      40
      36
      31
      40
      30
      42
      35
      25
      33
      29
      36
      37
      30
      40
      28
      34
      42
      20
      31
      31
      34
      30
      25
      34
      29
      30
      29
      28
      36
      28
      29
      36
      29
      24
      28
      30
      36
      27
      29
      24
      26
      22
      35
      35
      34
      29
      22
      31
      38
      37
      17
      35
      23
      24
      26
      34
      25
      29
      30
      23
      32
      38
      33
      32
      24
      24
      34
      25
      28
      19
      31
      30
      23
      25
      27
      26
      25
      26
      27
      36
      31
      31
      25
      30
      26
      27
      33
      22
      38
      27
      27
      26
      22
      26
      40
      29
      27
      25
      31
      25
      29
      33
      40
      25
      23
      36
      29
      23
      31
      26
      35
      26
      25
      28
      29
      18
      20
      27
      31
      26
      22
      39
      19
      31
      23
      33
      31
      38
      27
      25
      21
      35
      34
      27
      41
      40
      23
      35
      25
      44
      31
      29
      37
      33
      38
      43
      30
      30
      41
      37
      31
      37
      37
      51
      32
      28
      34
      39
      37
      25
      48
      32
      36
      28
      28
      34
      45
      42
      27
      41
      44
      39
      42
      47
      42
      38
      43
      45
      37
      46
      34
      53
      36
      48
      50
      45
      58
      43
      40
      57
      57
      52
      52
      52
      64
      69
      60
      63
      69
      64
      70
      73
      67
      88
      66
      93
      76
      90
      81
      89
      87
      97
      82
      89
      98
     104
     117
      89
     115
     111
     132
     121
     126
     121
     119
     138
     131
     134
     116
     134
     140
     158
     157
     170
     178
     169
     149
     170
     183
     167
     197
     201
     182
     194
     242
     206
     204
     230
     219
     212
     244
     226
     227
     252
     255
     231
     264
     259
     241
     277
     305
     281
     313
     282
     326
     330
     278
     328
     331
     321
     314
     371
     374
     358
     381
     349
     395
     342
     378
     365
     392
     395
     392
     431
     403
     454
     427
     430
     395
     411
     453
     413
     418
     422
     467
     433
     462
     396
     464
     443
     485
     484
     452
     462
     483
     463
     444
     449
     463
     466
     451
     451
     432
     438
     470
     438
     453
     437
     455
     451
     408
     424
     445
     438
     440
     446
     429
     407
     424
     427
     405
     421
     439
     375
     361
     371
     369
     358
     373
     326
     327
     332
     321
     321
     316
     308
     291
     326
     275
     253
     282
     258
     250
     267
     239
     224
     238
     221
     226
     217
     221
     221
     188
     176
     184
     199
     173
     168
     158
     162
     152
     140
     127
     158
     157
     139
     119
     144
     118
     111
     118
     111
      88
      83
      95
      90
      81
      73
      72
      60
      78
      80
      67
      56
      70
      58
      58
      57
      47
      52
      54
      36
      32
      36
      39
      33
      39
      35
      44
      33
      23
      24
      16
      18
      34
      30
      18
      12
      17
      19
      14
      19
      12
      12
      13
      11
       7
      17
       7
       9
      10
      12
       9
       7
       8
       7
      11
       5
       9
      13
       5
       6
       8
       2
       5
       5
       2
       4
       4
       1
       5
       0
       9
       8
       2
       3
       6
       3
       0
       4
       4
       3
       4
       5
       4
       2
       2
       4
       4
       3
       2
       2
       1
       4
       2
       5
       2
       2
       3
       2
       2
       0
       2
       4
       2
       2
       4
       7
       2
       3
       3
       4
       3
       2
       4
       1
       4
       4
       0
       2
       4
       1
       0
       5
       3
       1
       2
       3
       3
       2
       1
       4
       2
       0
       2
       5
       7
       2
       3
       2
       4
       1
       1
       2
       3
       3
       5
       3
       0
       3
       2
       4
       2
       1
       3
       0
       5
       3
       3
       2
       2
       2
       4
       1
       3
       1
       1
       2
       3
       2
       2
       2
       2
       1
       3
       8
       8
       4
       1
       3
       2
       4
       4
       1
       2
       5
       1
       1
       2
       2
       2
       2
       1
       3
       4
       4
       1
       4
       2
       5
       5
       2
       5
       3
       4
       3
       0
       7
       4
       6
       3
       4
       1
       3
       4
       6
       1
       3
       6
       4
       4
       2
       4
       5
       1
       2
       3
       2
       3
       4
       2
       5
       3
       3
       2
       2
       1
       2
       0
       0
       2
       6
       1
       2
       3
       5
       5
       2
       1
       2
       4
       5
       2
       0
       3
       4
       1
       8
       1
       1
       2
       2
       1
       1
       1
       0
       3
       3
       3
       1
       1
       3
       3
       0
       1
       2
       3
       2
       1
       0
       1
       3
       2
       5
       7
       6
       1
       4
       1
       3
       2
       3
       7
       2
       4
       6
       4
       1
       4
       3
       2
       0
       0
       3
       1
       4
       0
       1
       3
       2
       4
       1
       3
       3
       5
       2
       1
       0
       2
       3
       0
       1
       2
       2
       2
       5
       2
       1
       1
       1
       1
       3
       1
       1
       1
       5
       0
       4
       3
       1
       0
       2
       5
       6
       2
       1
       2
       2
       1
       1
       3
       3
       1
       1
       1
       1
       3
       1
       2
       4
       3
       1
       5
       5
       3
       0
       3
       0
       2
       1
       2
       5
       3
       2
       2
       3
       4
       3
       1
       2
       0
       2
       4
       2
       6
       2
       3
       0
       1
       3
       2
       0
       1
       5
       2
       2
       5
       4
       2
       4
       2
       0
       1
       1
       0
       0
       2
       1
       0
       5
       1
       2
       4
       2
       1
       4
       4
       4
       1
       5
       2
       2
       1
       3
       2
       3
       4
       1
       1
       1
       2
       5
       2
       2
       0
       3
       7
       2
       3
       2
       0
       3
       2
       3
       5
       1
       4
       4
       4
       1
       1
       2
       4
       0
       0
       0
       0
       0
       0
       0
       0
       0
       0
       0
       0
       0
       0
       0
       0
       0
       0
       0
       0
       0
       0
       0
       0
       0
       0
       0
       0
       0
       0
       0
       0
$ROI:
0
$PRESETS:
None
0
0
$ENER_FIT:
0.000000 0.376289
$MCA_CAL:
3
0.000000E+000 3.762887E-001 0.000000E+000 keV
$SHAPE_CAL:
3
1.061399E+002 0.000000E+000 0.000000E+000
