$SPEC_ID:
Scatter
$SPEC_REM:
DET# 2
DETDESC# JLAB-9 MCB 136
AP# Maestro Version 7.01
$DATE_MEA:
11/16/2022 14:34:40
$MEAS_TIM:
56 61
$DATA:
0 2047
       0
       0
       0
       0
       0
       0
       0
       0
       0
       0
       0
       0
       0
       0
       0
       0
       0
       0
       0
       0
       0
       0
       0
       0
       0
       0
       0
       0
       0
       0
       0
       0
       0
       0
       0
       0
       0
       0
       0
       0
       0
       0
       0
       0
       0
       0
       0
       0
       0
       0
       0
       0
       0
       0
       0
       0
       0
       0
       0
       0
       0
       0
       0
       0
       0
       0
       0
       0
       0
       0
       0
       0
       0
       0
       0
       0
       0
       0
       0
       0
       1
     315
    1245
    1348
    1310
    1347
    1306
    1338
    1250
    1237
    1170
    1077
     982
     919
     825
     805
     681
     679
     588
     515
     492
     429
     377
     389
     370
     321
     311
     266
     276
     259
     246
     242
     222
     203
     208
     223
     240
     200
     223
     208
     225
     229
     229
     209
     229
     233
     212
     244
     198
     213
     200
     230
     201
     204
     212
     225
     232
     218
     220
     225
     217
     229
     194
     251
     216
     237
     200
     218
     203
     217
     244
     198
     222
     222
     238
     210
     233
     243
     241
     225
     212
     250
     226
     239
     213
     239
     217
     256
     226
     229
     246
     214
     222
     215
     207
     205
     217
     189
     254
     240
     228
     224
     210
     251
     226
     201
     224
     238
     226
     231
     184
     267
     218
     240
     232
     216
     255
     241
     230
     253
     273
     238
     232
     238
     221
     251
     243
     246
     222
     221
     258
     270
     234
     211
     222
     214
     224
     232
     209
     255
     246
     244
     247
     245
     248
     241
     240
     265
     229
     239
     227
     231
     241
     255
     230
     277
     221
     236
     255
     249
     221
     251
     206
     224
     229
     243
     251
     238
     268
     224
     243
     260
     214
     268
     253
     219
     231
     237
     237
     237
     231
     249
     245
     237
     243
     266
     242
     237
     257
     245
     230
     239
     255
     272
     232
     220
     213
     242
     277
     254
     258
     238
     232
     250
     276
     207
     249
     264
     238
     239
     240
     256
     269
     284
     258
     246
     261
     249
     248
     291
     269
     280
     248
     263
     248
     244
     273
     254
     257
     256
     234
     234
     250
     279
     276
     265
     267
     286
     226
     276
     278
     224
     257
     285
     255
     271
     263
     285
     275
     268
     251
     257
     258
     261
     292
     256
     272
     283
     256
     246
     256
     217
     278
     271
     276
     268
     260
     242
     288
     270
     268
     271
     253
     255
     277
     246
     256
     267
     248
     251
     280
     282
     274
     276
     223
     271
     262
     274
     253
     268
     301
     250
     286
     296
     261
     264
     258
     295
     271
     277
     278
     296
     255
     268
     265
     298
     241
     276
     301
     284
     243
     254
     253
     288
     264
     290
     245
     242
     268
     257
     255
     255
     282
     281
     270
     229
     304
     269
     291
     303
     288
     268
     284
     272
     280
     248
     294
     290
     268
     297
     295
     276
     322
     303
     289
     291
     261
     278
     336
     278
     296
     288
     265
     284
     292
     299
     298
     297
     344
     280
     322
     339
     364
     315
     342
     314
     336
     316
     352
     360
     338
     376
     321
     370
     381
     331
     369
     348
     404
     360
     341
     396
     379
     374
     377
     388
     394
     400
     369
     404
     355
     434
     420
     422
     377
     416
     402
     409
     436
     386
     422
     429
     420
     418
     407
     398
     385
     433
     408
     395
     406
     384
     415
     432
     397
     419
     373
     407
     444
     402
     383
     385
     405
     361
     389
     373
     356
     363
     402
     382
     373
     384
     390
     341
     338
     360
     369
     362
     369
     381
     351
     358
     343
     349
     359
     307
     371
     355
     324
     363
     340
     332
     341
     358
     336
     340
     345
     338
     330
     322
     332
     336
     324
     323
     350
     329
     351
     344
     336
     325
     331
     318
     321
     321
     330
     323
     305
     332
     323
     314
     305
     323
     336
     306
     296
     319
     310
     309
     280
     251
     297
     306
     300
     328
     295
     254
     290
     292
     284
     285
     293
     324
     296
     310
     311
     328
     291
     291
     269
     264
     285
     263
     276
     276
     264
     293
     307
     276
     314
     298
     272
     280
     291
     270
     295
     280
     263
     279
     299
     256
     285
     274
     281
     274
     284
     295
     255
     254
     280
     246
     285
     272
     259
     246
     249
     264
     247
     241
     271
     259
     257
     284
     249
     255
     256
     228
     242
     261
     283
     266
     273
     247
     280
     275
     267
     238
     273
     278
     279
     251
     252
     262
     264
     261
     260
     264
     234
     252
     268
     251
     256
     261
     243
     278
     202
     266
     239
     247
     257
     232
     268
     284
     229
     259
     245
     233
     250
     240
     244
     251
     244
     235
     249
     239
     270
     261
     252
     251
     228
     249
     231
     259
     238
     245
     278
     221
     206
     231
     231
     250
     221
     242
     244
     248
     237
     239
     226
     241
     231
     260
     208
     224
     246
     228
     223
     246
     212
     247
     229
     221
     189
     217
     218
     218
     210
     219
     219
     244
     228
     246
     242
     224
     230
     229
     235
     206
     218
     223
     243
     226
     234
     220
     225
     213
     215
     214
     249
     247
     226
     218
     241
     209
     239
     206
     198
     266
     229
     213
     219
     234
     212
     199
     222
     198
     197
     213
     223
     202
     243
     221
     197
     188
     222
     203
     219
     197
     204
     229
     227
     202
     215
     188
     189
     210
     206
     200
     218
     209
     209
     225
     196
     208
     236
     195
     203
     246
     233
     207
     245
     198
     178
     209
     217
     225
     186
     207
     207
     224
     199
     202
     230
     218
     227
     191
     211
     216
     206
     211
     217
     208
     199
     230
     194
     210
     190
     213
     216
     218
     212
     201
     212
     192
     194
     210
     203
     208
     187
     202
     191
     197
     210
     179
     210
     209
     207
     216
     184
     207
     207
     236
     209
     249
     199
     188
     213
     199
     207
     191
     217
     195
     236
     201
     211
     220
     216
     220
     218
     230
     201
     219
     192
     195
     200
     219
     188
     196
     232
     217
     217
     208
     189
     218
     185
     180
     198
     193
     178
     214
     233
     199
     203
     215
     216
     233
     201
     183
     197
     223
     217
     203
     184
     179
     217
     174
     239
     215
     207
     223
     220
     207
     217
     222
     234
     204
     194
     196
     187
     197
     202
     218
     218
     200
     212
     195
     209
     216
     218
     228
     198
     226
     213
     217
     202
     219
     232
     188
     198
     213
     193
     219
     220
     226
     203
     214
     197
     218
     196
     205
     185
     207
     226
     213
     207
     200
     170
     190
     206
     187
     216
     180
     227
     190
     195
     218
     224
     214
     219
     193
     191
     203
     203
     204
     214
     219
     242
     220
     228
     204
     195
     190
     224
     203
     215
     218
     198
     214
     216
     211
     192
     212
     231
     206
     172
     198
     205
     216
     198
     217
     192
     213
     220
     220
     197
     203
     202
     204
     207
     208
     216
     208
     205
     202
     224
     206
     202
     202
     208
     212
     210
     203
     193
     200
     206
     197
     213
     193
     190
     225
     213
     188
     214
     224
     195
     212
     226
     195
     193
     208
     209
     202
     200
     220
     196
     204
     191
     197
     219
     186
     192
     223
     202
     215
     208
     204
     207
     189
     218
     206
     208
     192
     197
     192
     211
     196
     198
     201
     190
     198
     219
     203
     191
     197
     204
     194
     208
     175
     199
     182
     191
     208
     210
     171
     180
     185
     162
     180
     178
     198
     183
     178
     193
     180
     165
     154
     169
     156
     166
     179
     185
     190
     154
     182
     149
     164
     166
     160
     150
     132
     149
     151
     135
     153
     141
     179
     155
     149
     142
     155
     132
     126
     143
     140
     116
     133
     114
     152
     128
     136
     126
     118
     118
     125
     113
     129
     123
     108
     124
     112
     124
     114
     114
     126
     112
     117
     124
     118
      98
     113
      92
      91
     100
     107
     112
     105
      97
      92
      92
      99
     112
      94
     119
      90
      80
      84
     108
      94
      87
      96
      90
     101
      92
     103
      89
      86
      88
      87
      71
     102
      81
      78
      79
      85
     101
     104
      89
      77
      84
      90
      80
      72
      74
      77
      82
      74
      98
      74
      67
      81
      78
      67
      80
      65
      82
      91
      75
      71
     100
      70
      78
      80
      65
      74
      73
      73
      81
      85
      55
      70
      75
      77
      61
      58
      76
      58
      71
      88
      75
      67
      92
      69
      69
      84
      60
      55
      76
      63
      63
      67
      54
      54
      76
      72
      61
      75
      69
      76
      81
      71
      65
      69
      59
      50
      79
      47
      65
      65
      71
      70
      74
      68
      75
      63
      51
      66
      83
      73
      63
      71
      57
      66
      64
      52
      63
      46
      69
      56
      70
      58
      69
      57
      54
      53
      67
      59
      62
      49
      49
      58
      61
      61
      69
      60
      58
      58
      61
      52
      55
      65
      49
      54
      51
      46
      59
      56
      70
      57
      59
      53
      55
      41
      46
      53
      48
      62
      45
      44
      50
      60
      49
      50
      46
      50
      62
      48
      56
      42
      53
      52
      48
      43
      47
      52
      43
      62
      69
      47
      55
      53
      49
      65
      61
      53
      40
      62
      46
      53
      46
      49
      48
      46
      62
      48
      69
      54
      53
      57
      58
      51
      41
      62
      50
      53
      60
      59
      50
      52
      66
      63
      62
      61
      50
      44
      53
      61
      58
      64
      57
      62
      66
      61
      47
      60
      54
      46
      47
      48
      48
      50
      64
      52
      55
      70
      45
      53
      59
      59
      64
      61
      64
      60
      71
      58
      55
      69
      57
      63
      64
      62
      61
      63
      56
      65
      62
      71
      64
      60
      67
      56
      81
      70
      79
      68
      51
      80
      63
      68
      75
      72
      71
      83
      76
      72
      64
      67
      93
      69
      69
      79
      80
      71
      76
      78
      75
      77
      87
      93
      83
      94
      90
      91
      78
      99
     111
     107
      93
      89
      96
      93
     109
     127
     112
     117
     131
     107
     124
     102
     112
     141
     133
     137
     136
     145
     132
     132
     164
     161
     164
     179
     155
     181
     197
     169
     183
     212
     213
     216
     219
     220
     230
     230
     239
     246
     274
     269
     285
     266
     298
     290
     318
     321
     338
     349
     328
     312
     306
     357
     356
     374
     376
     425
     392
     437
     437
     477
     480
     481
     447
     478
     525
     513
     538
     539
     539
     575
     579
     601
     573
     604
     615
     663
     638
     673
     705
     649
     715
     723
     776
     758
     767
     755
     829
     816
     831
     837
     871
     834
     857
     929
     913
     909
     906
     915
     947
     972
    1007
    1029
     967
    1057
    1014
    1038
    1065
    1024
    1061
    1070
    1085
    1119
    1077
    1094
    1070
    1122
    1171
    1129
    1124
    1218
    1087
    1109
    1191
    1174
    1158
    1223
    1138
    1129
    1176
    1132
    1125
    1096
    1121
    1140
    1111
    1113
    1183
    1154
    1153
    1131
    1112
    1119
    1120
    1115
    1038
    1101
    1072
    1031
    1073
    1023
    1001
    1010
     987
    1020
     986
     945
     927
     920
     902
     941
     898
     842
     829
     827
     818
     811
     785
     770
     701
     695
     730
     704
     706
     728
     661
     648
     609
     623
     601
     625
     598
     566
     581
     455
     509
     505
     500
     464
     452
     411
     406
     387
     393
     366
     358
     356
     349
     326
     352
     296
     330
     278
     293
     268
     252
     233
     226
     226
     224
     221
     222
     218
     198
     164
     191
     176
     156
     179
     160
     154
     124
     129
     130
     107
      96
     105
      95
     119
      92
      79
      71
      66
      81
      75
      85
      73
      37
      63
      66
      58
      56
      51
      54
      47
      44
      38
      42
      39
      40
      39
      28
      26
      30
      34
      26
      22
      27
      21
      29
      22
      19
      33
      28
      19
      12
      21
      12
      12
      29
      23
      19
      16
      22
      10
      18
      19
      18
      18
      17
      18
      14
      11
      13
      18
      12
      11
      12
      20
      16
      20
      14
      16
      14
      12
      11
       7
       8
      16
      10
      12
      14
      13
      11
      22
      13
      12
      14
      10
      13
      20
      10
       5
      13
      12
       8
      15
      16
      16
       8
      17
      15
      11
      14
      14
      16
      11
      11
      10
      14
      11
      19
       9
      16
       8
      10
      15
       8
      12
       6
      11
       8
      18
      16
      15
      15
      19
      14
      13
       5
      12
       9
       9
       9
       9
       8
      14
      14
      13
       7
      10
      18
      15
      16
       9
      12
       6
       8
      10
      11
      18
      18
      11
      16
      12
      10
       5
      14
      10
       9
      16
      12
      16
      16
      14
      13
      12
      11
      11
      13
      12
       6
      17
       6
      15
      13
       8
       5
      13
      15
      13
       6
      11
      10
       7
      13
      10
      10
      12
       8
      15
      16
      13
      10
      12
      15
      10
      12
       9
       9
      12
      10
       9
       9
       9
       5
      15
      11
      12
      13
      13
      14
      11
      12
       9
       8
      19
       5
      12
      16
      17
      11
       9
      11
      14
       5
      15
       6
      14
      11
      11
      15
      11
      16
      17
       5
       9
      11
       8
      12
      15
      10
      11
      13
       9
      13
       7
      17
      12
       6
       4
      11
       8
       8
      11
      12
      13
      12
       9
      15
      12
      13
       8
      14
      12
       8
      10
       7
       9
      11
       6
      12
      15
       9
       6
       9
       9
      10
       4
      10
       8
      12
       6
      13
       4
      19
      17
      11
       9
      14
       9
       7
       5
       9
       7
       8
       9
      15
       9
      12
       8
      17
       9
       8
       9
      10
       7
       7
       4
       8
       6
      10
       8
       4
       9
       9
       8
       8
      11
       8
      12
       9
      17
       9
      11
       8
       8
      10
      14
      12
       9
       5
      13
      11
      10
       6
      11
       8
       9
      12
      10
      10
      11
       0
       0
       0
       0
       0
       0
       0
       0
       0
       0
       0
       0
       0
       0
       0
       0
       0
       0
       0
       0
       0
       0
       0
       0
       0
       0
       0
       0
       0
       0
       0
       0
$ROI:
0
$PRESETS:
None
0
0
$ENER_FIT:
0.000000 0.376604
$MCA_CAL:
3
0.000000E+000 3.766040E-001 0.000000E+000 keV
$SHAPE_CAL:
3
9.515098E+001 0.000000E+000 0.000000E+000
