$SPEC_ID:
Target
$SPEC_REM:
DET# 1
DETDESC# JLAB-9 MCB 135
AP# Maestro Version 7.01
$DATE_MEA:
11/16/2022 14:32:59
$MEAS_TIM:
60 74
$DATA:
0 2047
       0
       0
       0
       0
       0
       0
       0
       0
       0
       0
       0
       0
       0
       0
       0
       0
       0
       0
       0
       0
       0
       0
       0
       0
       0
       0
       0
       0
       0
       0
       0
       0
       0
       0
       0
       0
       0
       0
       0
       0
       0
       0
       0
       0
       0
       0
       0
       0
       0
       0
       0
       0
       0
       0
       0
       0
       0
       0
       0
       0
       0
       0
       0
       0
       0
       0
       0
       0
       0
       0
       0
       0
       0
       0
       0
       0
       0
       0
       0
      17
    1901
    2740
    2984
    3255
    3392
    3633
    3766
    3779
    3724
    3725
    3580
    3384
    3147
    2950
    2720
    2461
    2142
    2023
    1842
    1682
    1443
    1336
    1242
    1109
     993
     960
     842
     727
     795
     663
     657
     641
     578
     608
     535
     559
     577
     522
     564
     516
     545
     580
     537
     535
     509
     539
     504
     517
     528
     515
     532
     530
     554
     559
     535
     557
     539
     528
     528
     493
     559
     537
     572
     596
     549
     549
     557
     547
     517
     510
     567
     577
     522
     495
     541
     529
     551
     540
     523
     550
     552
     563
     554
     566
     575
     535
     550
     575
     574
     588
     546
     580
     586
     570
     534
     534
     577
     569
     543
     572
     537
     610
     560
     572
     566
     593
     575
     565
     556
     619
     580
     577
     543
     562
     577
     517
     583
     608
     583
     589
     498
     578
     557
     584
     578
     561
     582
     545
     614
     601
     545
     625
     622
     599
     600
     594
     589
     512
     611
     571
     556
     591
     604
     529
     586
     586
     576
     629
     594
     593
     594
     568
     572
     607
     597
     600
     563
     558
     583
     554
     588
     580
     596
     580
     641
     575
     597
     595
     601
     575
     618
     548
     578
     618
     580
     562
     609
     602
     534
     621
     595
     574
     623
     632
     577
     592
     643
     604
     638
     630
     614
     613
     647
     594
     613
     626
     623
     637
     657
     639
     606
     609
     615
     589
     610
     592
     643
     648
     658
     627
     582
     582
     664
     618
     595
     662
     644
     619
     649
     695
     629
     621
     699
     650
     682
     658
     704
     630
     642
     638
     632
     640
     656
     598
     683
     623
     660
     640
     667
     647
     663
     678
     691
     643
     676
     658
     670
     657
     688
     669
     631
     670
     647
     660
     682
     695
     684
     658
     597
     730
     631
     691
     693
     671
     681
     708
     680
     706
     693
     733
     702
     672
     656
     696
     712
     700
     722
     667
     662
     724
     729
     653
     736
     680
     650
     674
     691
     706
     728
     735
     699
     702
     695
     675
     743
     651
     698
     762
     714
     705
     715
     759
     749
     725
     721
     755
     727
     730
     738
     694
     706
     759
     757
     763
     759
     765
     707
     732
     731
     733
     734
     705
     765
     727
     735
     763
     774
     707
     745
     766
     758
     784
     748
     788
     803
     804
     788
     774
     872
     826
     843
     822
     761
     806
     794
     844
     866
     858
     871
     841
     920
     865
     870
     886
     859
     926
     935
     937
     952
     935
     964
     973
    1005
     974
     985
    1011
    1014
    1011
    1015
    1037
    1021
    1066
    1072
    1034
    1051
    1094
    1081
    1052
    1109
    1128
    1075
    1101
    1043
    1054
    1142
    1080
    1145
    1055
    1159
    1070
    1108
    1069
    1096
    1050
    1048
    1056
    1083
    1091
    1067
    1069
    1062
    1059
    1042
    1063
    1021
    1044
     996
    1005
    1005
    1023
     968
    1018
     981
     963
    1024
    1003
     958
     984
     977
     981
     887
     933
     880
     917
     926
     873
     936
     885
     900
     852
     924
     872
     809
     866
     867
     885
     849
     813
     864
     851
     772
     809
     863
     804
     794
     814
     731
     778
     751
     785
     750
     709
     767
     750
     722
     741
     754
     755
     734
     707
     785
     731
     675
     720
     687
     710
     740
     696
     692
     707
     699
     634
     655
     664
     675
     617
     673
     681
     692
     683
     636
     664
     647
     598
     640
     651
     649
     594
     665
     615
     571
     606
     585
     600
     581
     584
     621
     619
     598
     599
     605
     573
     599
     604
     665
     596
     584
     546
     542
     541
     563
     533
     547
     601
     538
     517
     563
     575
     547
     568
     508
     534
     569
     524
     558
     509
     542
     561
     548
     539
     495
     521
     543
     565
     506
     541
     530
     501
     523
     512
     477
     513
     518
     495
     501
     499
     489
     480
     473
     509
     502
     474
     539
     506
     527
     533
     526
     494
     481
     499
     503
     480
     453
     473
     467
     461
     504
     509
     496
     451
     496
     459
     462
     466
     491
     440
     482
     479
     510
     469
     492
     451
     488
     469
     475
     527
     478
     473
     468
     474
     469
     463
     489
     464
     434
     445
     475
     461
     475
     459
     429
     447
     439
     459
     448
     460
     458
     475
     510
     465
     439
     463
     451
     469
     449
     462
     444
     408
     468
     461
     463
     424
     455
     443
     475
     452
     479
     409
     472
     462
     457
     457
     438
     456
     467
     448
     440
     466
     408
     443
     401
     455
     430
     445
     431
     476
     438
     462
     465
     403
     455
     463
     452
     459
     420
     427
     438
     475
     406
     432
     470
     422
     464
     423
     452
     412
     459
     450
     414
     442
     462
     441
     429
     470
     452
     434
     449
     466
     456
     412
     429
     446
     448
     414
     438
     469
     452
     413
     425
     477
     425
     459
     456
     409
     440
     434
     424
     442
     474
     434
     433
     438
     441
     424
     441
     427
     495
     482
     447
     452
     418
     487
     419
     415
     438
     442
     416
     446
     421
     426
     432
     445
     429
     447
     436
     443
     431
     422
     387
     429
     468
     451
     425
     449
     449
     426
     482
     449
     429
     441
     442
     436
     435
     444
     418
     429
     428
     446
     451
     455
     447
     467
     450
     445
     443
     433
     442
     407
     469
     488
     474
     461
     482
     429
     491
     453
     490
     472
     430
     465
     445
     466
     436
     443
     437
     413
     437
     431
     449
     442
     459
     423
     463
     416
     427
     465
     408
     468
     406
     425
     450
     462
     458
     446
     459
     441
     478
     441
     441
     400
     409
     449
     466
     466
     464
     453
     469
     438
     436
     465
     402
     452
     444
     475
     444
     465
     421
     479
     447
     430
     440
     439
     440
     422
     450
     401
     443
     450
     442
     442
     448
     455
     421
     432
     425
     443
     445
     464
     436
     446
     447
     432
     443
     425
     434
     444
     415
     485
     450
     430
     428
     426
     419
     438
     465
     414
     455
     463
     445
     442
     470
     440
     418
     421
     421
     440
     438
     433
     432
     431
     422
     394
     415
     429
     473
     414
     423
     426
     462
     457
     438
     441
     458
     456
     427
     443
     466
     475
     416
     441
     446
     414
     446
     438
     426
     431
     449
     446
     408
     438
     417
     445
     436
     449
     434
     459
     461
     443
     445
     444
     444
     442
     432
     418
     436
     406
     434
     431
     386
     466
     449
     426
     450
     458
     488
     448
     438
     438
     407
     452
     442
     433
     466
     406
     403
     391
     437
     423
     428
     412
     450
     412
     444
     437
     409
     413
     436
     385
     384
     405
     457
     423
     410
     406
     400
     406
     390
     420
     388
     413
     386
     421
     394
     395
     372
     396
     389
     398
     381
     393
     413
     385
     384
     355
     355
     379
     351
     350
     382
     311
     331
     335
     337
     355
     347
     352
     313
     341
     342
     330
     335
     358
     325
     293
     325
     294
     336
     308
     289
     309
     316
     321
     256
     286
     316
     285
     284
     298
     286
     233
     261
     275
     292
     260
     276
     271
     256
     249
     261
     267
     226
     252
     230
     255
     236
     238
     243
     249
     232
     227
     239
     258
     238
     212
     236
     187
     211
     199
     216
     229
     215
     190
     222
     194
     230
     217
     243
     209
     198
     203
     202
     199
     187
     216
     235
     197
     228
     176
     190
     205
     214
     189
     193
     184
     184
     193
     207
     207
     174
     188
     200
     191
     192
     213
     186
     188
     194
     181
     186
     181
     185
     198
     183
     187
     203
     181
     179
     189
     201
     214
     177
     214
     200
     192
     189
     168
     181
     180
     197
     186
     209
     196
     189
     185
     186
     223
     204
     163
     181
     196
     159
     174
     199
     173
     177
     176
     174
     180
     163
     164
     182
     190
     149
     186
     164
     160
     171
     180
     171
     172
     167
     164
     166
     197
     164
     159
     159
     158
     193
     155
     169
     192
     181
     167
     176
     175
     175
     185
     213
     192
     171
     179
     154
     153
     182
     173
     212
     177
     193
     161
     169
     180
     159
     172
     161
     185
     179
     200
     179
     167
     174
     164
     185
     161
     171
     177
     187
     162
     167
     206
     167
     146
     177
     177
     193
     198
     170
     166
     175
     189
     197
     199
     203
     164
     171
     165
     186
     169
     166
     191
     205
     194
     210
     177
     187
     187
     192
     191
     209
     193
     217
     205
     212
     200
     184
     199
     200
     209
     209
     187
     211
     211
     182
     222
     220
     235
     192
     192
     220
     200
     207
     216
     216
     216
     219
     202
     194
     238
     213
     213
     210
     195
     242
     213
     229
     244
     243
     258
     232
     214
     239
     236
     241
     258
     241
     229
     247
     230
     213
     253
     265
     249
     246
     236
     251
     260
     233
     214
     275
     256
     241
     274
     271
     262
     244
     266
     254
     265
     256
     298
     282
     300
     271
     286
     270
     259
     302
     327
     303
     290
     306
     301
     294
     310
     340
     322
     310
     324
     335
     346
     328
     368
     340
     363
     365
     343
     382
     395
     420
     389
     420
     372
     419
     454
     454
     406
     494
     462
     465
     524
     530
     523
     523
     565
     576
     546
     562
     596
     640
     584
     590
     603
     628
     650
     705
     749
     696
     717
     717
     771
     769
     749
     779
     903
     876
     833
     911
     898
     922
     950
     931
     955
    1017
    1044
    1054
    1101
    1098
    1113
    1181
    1150
    1215
    1143
    1249
    1257
    1273
    1299
    1367
    1355
    1416
    1436
    1403
    1486
    1519
    1487
    1525
    1548
    1611
    1592
    1648
    1623
    1741
    1722
    1740
    1761
    1801
    1826
    1897
    1958
    1951
    1942
    1984
    2038
    1972
    2042
    2020
    2051
    2139
    2047
    2067
    2138
    2125
    2140
    2226
    2189
    2139
    2187
    2197
    2233
    2282
    2247
    2294
    2358
    2280
    2341
    2278
    2393
    2347
    2255
    2331
    2372
    2225
    2264
    2317
    2430
    2276
    2303
    2482
    2278
    2301
    2336
    2331
    2259
    2259
    2322
    2212
    2207
    2185
    2208
    2224
    2165
    2108
    2138
    2130
    2027
    2116
    1990
    2054
    1991
    1995
    1988
    1898
    1832
    1798
    1814
    1773
    1756
    1735
    1728
    1670
    1608
    1576
    1490
    1581
    1537
    1464
    1408
    1415
    1388
    1330
    1366
    1302
    1255
    1195
    1221
    1161
    1179
    1112
    1080
    1082
    1038
     985
     946
     967
     955
     963
     895
     836
     795
     839
     789
     768
     685
     649
     655
     638
     631
     606
     614
     622
     538
     547
     498
     494
     466
     414
     415
     409
     430
     409
     386
     359
     369
     340
     329
     331
     314
     267
     255
     283
     246
     220
     240
     222
     204
     191
     198
     187
     193
     195
     208
     157
     163
     138
     134
     133
     140
     155
     124
     133
     121
     124
     104
     104
     123
     106
     100
     113
      97
      98
      87
      89
     104
      97
      92
      73
      79
      82
     101
      83
      77
      91
      67
      80
      84
      76
      81
      65
      76
      67
      62
      66
      77
      79
      86
      72
      63
      68
      49
      52
      61
      51
      54
      53
      53
      65
      60
      75
      76
      52
      79
      63
      58
      57
      56
      56
      56
      58
      62
      56
      52
      51
      46
      50
      65
      48
      55
      59
      63
      48
      59
      49
      55
      79
      57
      64
      48
      57
      45
      56
      60
      57
      52
      41
      41
      63
      39
      58
      43
      65
      48
      64
      49
      46
      45
      52
      63
      56
      56
      49
      44
      59
      49
      55
      50
      51
      42
      50
      58
      58
      39
      48
      55
      48
      49
      50
      49
      61
      55
      51
      41
      54
      57
      53
      45
      42
      54
      61
      48
      42
      48
      50
      43
      46
      56
      53
      50
      58
      59
      56
      48
      61
      67
      53
      50
      58
      39
      51
      43
      51
      58
      60
      54
      51
      63
      53
      57
      58
      53
      44
      53
      59
      47
      35
      52
      58
      58
      43
      61
      48
      46
      50
      64
      53
      55
      52
      58
      56
      51
      57
      55
      31
      55
      43
      52
      51
      41
      52
      54
      41
      53
      43
      56
      48
      41
      51
      46
      44
      52
      58
      45
      56
      48
      55
      41
      50
      45
      51
      44
      33
      44
      43
      39
      44
      47
      60
      52
      47
      62
      43
      46
      51
      41
      50
      40
      49
      52
      51
      46
      47
      44
      40
      37
      54
      29
      59
      48
      46
      46
      49
      41
      47
      51
      48
      55
      46
      44
      44
      65
      52
      49
      51
      51
      41
      54
      39
      57
      43
      54
      47
      48
      39
      54
      56
      41
      51
      49
      44
      59
      46
      50
      40
      38
      35
      54
      44
      42
      54
      24
      38
      48
      51
      43
      49
      45
      48
      46
      31
      40
      39
      36
      47
      44
      46
      45
      43
      46
      37
      35
      38
      53
      49
      51
      45
      49
      33
      52
      45
      40
      41
      33
      49
      42
      42
      42
      48
      40
      38
      33
      48
      42
      45
      37
      38
      42
      50
      31
      43
      39
      38
      41
      42
      39
      50
      51
      42
      42
      42
      32
      28
      39
      30
      50
      53
      42
      34
      41
      42
      38
      38
      34
      39
      37
      29
      40
      38
      28
      42
      39
      39
      36
      41
      35
      32
      33
      39
      33
      36
      34
      36
      28
      35
      41
      32
      40
      35
      35
      33
      48
      38
      36
      31
      40
      40
      30
      30
      31
      29
      29
      35
      33
      29
      41
      32
      33
      25
      38
       0
       0
       0
       0
       0
       0
       0
       0
       0
       0
       0
       0
       0
       0
       0
       0
       0
       0
       0
       0
       0
       0
       0
       0
       0
       0
       0
       0
       0
       0
       0
       0
$ROI:
0
$PRESETS:
None
0
0
$ENER_FIT:
0.000000 0.376289
$MCA_CAL:
3
0.000000E+000 3.762887E-001 0.000000E+000 keV
$SHAPE_CAL:
3
1.061399E+002 0.000000E+000 0.000000E+000
