$SPEC_ID:
Scatter
$SPEC_REM:
DET# 2
DETDESC# JLAB-9 MCB 136
AP# Maestro Version 7.01
$DATE_MEA:
11/16/2022 14:09:31
$MEAS_TIM:
226 231
$DATA:
0 2047
       0
       0
       0
       0
       0
       0
       0
       0
       0
       0
       0
       0
       0
       0
       0
       0
       0
       0
       0
       0
       0
       0
       0
       0
       0
       0
       0
       0
       0
       0
       0
       0
       0
       0
       0
       0
       0
       0
       0
       0
       0
       0
       0
       0
       0
       0
       0
       0
       0
       0
       0
       0
       0
       0
       0
       0
       0
       0
       0
       0
       0
       0
       0
       0
       0
       0
       0
       0
       0
       0
       0
       0
       0
       0
       0
       0
       0
       0
       0
       0
       0
       3
       7
       6
       6
       7
       5
       5
       8
       4
      10
       7
       7
       6
       2
       6
       5
       3
       5
       6
       8
       5
       7
       2
       4
       7
       4
       9
       7
      11
       5
       6
       5
       3
       5
       7
       3
       4
       4
       3
       4
       6
       3
       5
       8
       3
       6
       9
      11
       5
       2
      10
      11
       6
       9
       4
       7
       7
       5
      11
       6
       4
       6
       9
       9
       8
       9
       5
       6
       8
       8
       9
       6
       4
       5
       9
       3
       9
       7
       8
       4
       5
       6
       7
       7
       9
       5
       8
       4
       9
      10
      12
      12
       5
       9
       8
       8
      11
       9
      12
       9
       7
       6
       6
      13
       7
      11
      11
       7
       7
       7
      13
      11
       6
       5
       5
       8
       4
       9
       6
       9
       5
      12
       6
       7
       7
      10
      14
      12
       8
       5
       9
      14
      11
      10
       6
       5
       9
       7
       9
      15
       8
       4
      12
      10
       5
      11
      10
      11
       8
      11
      11
      12
      12
      15
      10
       8
      11
      12
      10
      16
       8
      10
      12
       7
       8
       9
       9
      13
      17
       7
      15
      13
      11
      14
      13
      19
      12
      13
      11
      14
       6
       9
       8
       7
       6
      16
      14
      16
      11
      12
      11
      15
      12
      11
       9
      17
       9
      15
      13
       9
      10
      22
      19
      17
      13
      10
      15
      11
      12
      24
       8
      12
      21
       8
      10
      21
      22
      16
       7
      24
      10
      15
      14
      13
      15
      18
      17
      19
      15
      15
      16
       6
      15
      17
      15
       9
      12
      10
      12
      12
       7
      18
      10
      17
      13
      13
      15
      13
       9
      16
       8
      21
      20
      18
      12
      18
      16
      10
      15
       8
      12
      12
      13
      12
      13
      13
      12
      12
      10
      19
      11
      16
      17
      14
      11
      15
      15
      17
      14
      12
      16
      13
      14
      14
      14
      17
      22
      23
      11
      13
      16
      12
      14
      19
      12
      12
      21
      15
      13
      21
      11
      18
      20
      18
      15
      15
      23
      18
      11
      14
      14
      18
      15
      18
      14
      13
      11
      17
      21
      15
      14
      14
      20
      27
      13
      20
      18
      13
      14
      21
      15
      17
      17
      27
      24
      11
      19
      17
      19
      14
      18
      22
      24
      22
      18
      22
      21
      16
      12
      19
      14
      15
      21
      18
      19
      25
      19
      23
      17
      24
      28
      21
      21
      20
      36
      12
      24
      16
      25
      25
      30
      26
      25
      23
      23
      20
      28
      26
      25
      26
      19
      14
      20
      15
      24
      27
      21
      16
      16
      27
      17
      23
      14
      27
      11
      15
      23
      23
      20
      20
      26
      14
      13
      24
      14
      12
      20
      17
      21
      13
      18
      23
      13
      22
      11
      15
      15
      12
      20
      15
      21
      11
      12
      10
      14
      17
      23
      22
      13
      25
      12
      20
      13
      17
      15
      11
      14
      15
      22
      14
      13
      20
      16
      11
      16
      19
      20
      18
      16
      16
      14
      19
      19
      20
      12
      14
      15
      19
      10
      19
      22
      18
      13
      16
      16
      23
      18
      14
      21
      14
      18
      13
      18
      16
      18
      20
      14
      11
      14
      11
      16
      22
      15
      15
      17
      15
      17
      15
      16
      14
      13
       8
      11
      14
      13
      10
      15
      23
      13
      15
      17
      13
      11
       6
      20
      10
      11
      15
      10
      10
      14
      11
      15
       7
      14
      13
      10
      11
      13
      11
       9
      13
      11
      15
      10
       9
      14
      10
      10
      14
      13
      11
      14
      10
      14
      17
       8
      11
      14
      10
      12
      11
      17
      13
       7
      19
      17
      16
      12
      13
       7
      16
      13
      18
      14
      11
      10
       8
       7
       9
       6
       8
       8
      10
       8
      11
      13
      10
       9
      14
      14
      11
       8
       8
       9
      11
       9
      11
      15
      13
       9
      14
       7
       9
       7
      12
      13
      11
      14
       9
      13
       4
      14
       9
       8
      10
      11
      15
       9
      16
      12
      10
      13
      11
      12
      12
      11
       8
       8
       9
      11
       8
      10
      11
      14
      10
       6
       6
      10
       6
      11
      10
       9
      13
      11
      11
      17
      10
      20
       9
       5
      11
      12
       7
       4
      15
      16
       8
      12
       5
       8
      11
      12
       7
       8
       9
      11
      10
      10
      11
       9
      11
       9
      11
       6
       9
       6
      11
       7
      12
      17
      13
      15
      16
       8
      17
       5
       7
      15
       6
      10
      10
       5
       6
      10
      13
      14
      14
      19
      11
       9
      14
      13
      13
      12
      14
       8
      15
      18
       9
       8
      17
      13
      11
      11
      11
      10
      12
      14
      13
      15
       8
      14
      14
       6
       7
      21
      14
      13
      11
      14
      13
      12
      10
      10
      12
      11
       9
      14
       7
      11
      15
      12
      16
      18
      10
      12
      17
      11
      10
      12
       9
      10
      10
       6
       4
      17
       9
      14
      16
      14
       9
       5
      10
       9
       8
      18
      11
      12
       8
       8
       8
      10
       8
      11
       9
      16
       6
      12
      10
       8
      12
       9
      18
      10
       9
      11
      13
      11
      15
       8
       8
      16
      17
       4
       8
      11
      10
      11
       7
      10
       9
      14
       4
      11
       8
       5
       7
       7
      11
      12
       8
       9
      11
      13
       9
       7
       5
       8
       8
       9
       4
      11
       7
      10
       8
       9
       9
      12
       6
      10
       5
       6
      11
      10
       8
       7
       8
      15
      13
      12
      10
      11
       8
       5
       9
       8
       6
       9
       5
       9
       8
       9
      10
       4
       8
       5
       8
       8
       8
      11
      11
      10
      12
      12
       9
       8
       9
       9
       7
       8
       6
       7
       3
      10
       7
      10
       8
       9
      10
       7
      10
       3
       7
       9
      10
      12
       9
       9
       8
       6
      12
       9
       8
       8
       5
       5
       9
      12
      10
       8
       9
       4
       7
       6
      20
       9
       9
      11
       7
       9
       8
       9
       9
      12
      10
       7
      11
       6
      11
       6
       8
       7
       9
       5
      13
      15
      10
      13
       4
       5
      11
       5
      11
      10
      15
       7
       8
      12
       9
      12
       9
      10
       9
      12
      11
       6
       9
       4
       5
       7
      10
       7
      10
       7
      16
      10
       8
       8
       9
      11
      12
       9
       8
       7
       9
       5
      10
      11
      10
       5
       5
       6
       2
       7
       2
       6
       3
       6
       8
       6
       6
       6
       5
       7
       6
       6
       4
       8
       8
       7
       4
       6
       7
       8
       9
       6
      10
       9
       7
       7
       7
       4
       4
       5
       5
       6
       6
       6
       9
      10
       3
       7
       9
       6
       5
       4
       3
       9
       6
       3
       4
      10
       8
       5
       7
       6
       3
       5
       4
       8
       6
       5
       5
       4
       2
       7
       2
       4
      10
       0
       7
       5
       6
       8
       3
       4
       5
       7
       7
       6
       3
       7
       7
       5
       3
       8
       2
       5
       6
       6
       6
       3
       6
       8
       2
      10
       4
       4
       5
       5
       4
       3
       6
       5
       0
       6
       4
       7
       9
       6
       6
      11
       6
       4
       3
       5
       5
       8
       6
       4
       5
       3
       4
       3
       6
      12
      11
       6
       9
       4
       7
      11
       8
      10
       3
      12
      12
      16
      18
      11
      10
      17
      12
      11
      11
      15
      15
      13
      20
      21
      14
      12
      15
      15
      20
      22
      17
      25
      12
      22
      23
      16
      21
      28
      22
      31
      27
      26
      16
      39
      28
      30
      27
      28
      22
      32
      34
      19
      36
      37
      36
      38
      36
      33
      52
      36
      48
      49
      50
      32
      43
      44
      42
      46
      48
      42
      47
      44
      50
      42
      46
      51
      49
      42
      52
      53
      38
      59
      49
      44
      50
      45
      48
      50
      50
      49
      54
      47
      61
      50
      38
      51
      46
      48
      61
      54
      48
      46
      52
      49
      46
      43
      48
      50
      53
      35
      47
      47
      35
      42
      48
      45
      46
      45
      46
      31
      38
      42
      33
      30
      39
      42
      35
      29
      40
      45
      27
      30
      27
      35
      20
      32
      23
      30
      24
      20
      20
      27
      26
      17
      22
      16
      30
      14
      22
      14
      17
      16
      18
      11
      18
      18
       5
      13
       9
      14
       7
       9
       5
       7
       6
       7
       9
       8
       3
       8
       4
       9
       4
       6
       3
       8
       5
       4
       5
       3
       0
       4
       2
       3
       3
       2
       0
       6
       0
       2
       2
       1
       1
       3
       4
       2
       2
       0
       1
       4
       2
       1
       1
       0
       0
       1
       1
       1
       0
       1
       0
       2
       1
       2
       0
       1
       1
       2
       1
       2
       2
       1
       1
       1
       1
       2
       0
       2
       1
       0
       2
       1
       3
       1
       1
       5
       0
       1
       1
       1
       2
       2
       2
       2
       0
       1
       2
       1
       2
       3
       0
       1
       2
       3
       1
       0
       0
       1
       0
       0
       0
       1
       0
       1
       1
       1
       1
       1
       1
       0
       0
       0
       1
       1
       0
       0
       3
       0
       4
       2
       0
       2
       0
       3
       1
       2
       0
       0
       0
       0
       2
       1
       1
       0
       1
       2
       0
       1
       0
       1
       0
       0
       3
       0
       0
       1
       0
       0
       1
       0
       2
       0
       0
       1
       0
       1
       2
       3
       1
       3
       1
       0
       1
       0
       1
       0
       1
       2
       3
       0
       0
       0
       1
       0
       1
       1
       0
       2
       1
       1
       1
       0
       0
       2
       0
       3
       1
       2
       0
       0
       0
       2
       0
       3
       1
       0
       1
       1
       0
       2
       0
       0
       1
       0
       1
       0
       0
       0
       0
       0
       0
       0
       1
       1
       1
       2
       3
       0
       1
       2
       1
       1
       1
       0
       4
       2
       2
       2
       1
       1
       1
       4
       1
       0
       1
       0
       0
       0
       2
       0
       3
       0
       2
       2
       1
       0
       1
       0
       1
       0
       3
       2
       0
       1
       0
       1
       2
       0
       2
       2
       0
       2
       1
       1
       1
       0
       1
       2
       1
       1
       1
       2
       1
       1
       0
       0
       0
       0
       2
       0
       1
       2
       3
       2
       2
       2
       1
       0
       0
       0
       2
       1
       2
       1
       0
       1
       1
       0
       3
       3
       1
       3
       0
       1
       1
       1
       4
       2
       3
       0
       0
       1
       1
       1
       2
       3
       1
       1
       1
       1
       1
       2
       2
       0
       0
       0
       2
       1
       1
       2
       2
       2
       1
       2
       3
       2
       1
       0
       0
       2
       2
       0
       0
       1
       2
       0
       0
       1
       2
       0
       2
       0
       0
       2
       3
       0
       2
       3
       1
       1
       2
       1
       1
       3
       0
       0
       1
       3
       1
       0
       4
       1
       3
       1
       1
       1
       2
       1
       3
       2
       0
       0
       0
       2
       0
       1
       0
       0
       2
       2
       2
       2
       3
       2
       0
       0
       2
       2
       1
       1
       0
       2
       1
       2
       2
       0
       0
       1
       2
       3
       0
       0
       1
       0
       1
       0
       0
       3
       0
       0
       4
       1
       2
       1
       0
       1
       2
       0
       1
       2
       1
       0
       1
       1
       1
       1
       1
       1
       1
       1
       1
       0
       0
       0
       0
       0
       2
       1
       2
       1
       3
       0
       3
       0
       0
       2
       0
       1
       2
       1
       0
       2
       0
       0
       0
       0
       0
       1
       1
       0
       3
       1
       2
       1
       0
       2
       0
       2
       2
       0
       2
       1
       1
       1
       1
       1
       1
       1
       0
       0
       2
       1
       2
       0
       1
       0
       2
       1
       1
       0
       2
       0
       0
       0
       1
       0
       4
       0
       2
       1
       2
       0
       0
       0
       0
       0
       2
       1
       2
       3
       3
       2
       1
       0
       0
       1
       1
       2
       2
       1
       1
       1
       2
       1
       2
       0
       1
       0
       3
       0
       1
       0
       1
       0
       2
       0
       2
       0
       3
       0
       1
       1
       1
       1
       1
       1
       0
       0
       0
       1
       0
       1
       1
       1
       1
       2
       1
       4
       0
       1
       0
       0
       2
       1
       1
       2
       1
       0
       0
       2
       1
       1
       1
       1
       1
       1
       1
       1
       2
       0
       1
       2
       1
       0
       1
       0
       0
       0
       3
       1
       3
       3
       3
       2
       0
       3
       0
       1
       0
       1
       3
       0
       1
       1
       0
       2
       0
       0
       3
       2
       0
       3
       1
       1
       2
       2
       0
       1
       0
       1
       0
       3
       1
       1
       3
       2
       1
       2
       1
       0
       1
       3
       0
       0
       1
       4
       0
       1
       3
       0
       1
       2
       1
       0
       0
       2
       1
       2
       1
       2
       1
       0
       0
       1
       0
       2
       1
       1
       1
       0
       0
       4
       2
       1
       1
       1
       2
       1
       1
       0
       0
       1
       0
       0
       3
       2
       1
       0
       1
       1
       0
       0
       1
       0
       0
       2
       2
       3
       0
       0
       0
       0
       0
       0
       0
       0
       0
       0
       0
       0
       0
       0
       0
       0
       0
       0
       0
       0
       0
       0
       0
       0
       0
       0
       0
       0
       0
       0
       0
       0
$ROI:
0
$PRESETS:
None
0
0
$ENER_FIT:
0.000000 0.376604
$MCA_CAL:
3
0.000000E+000 3.766040E-001 0.000000E+000 keV
$SHAPE_CAL:
3
9.515098E+001 0.000000E+000 0.000000E+000
