$SPEC_ID:
Target
$SPEC_REM:
DET# 1
DETDESC# JLAB-9 MCB 135
AP# Maestro Version 7.01
$DATE_MEA:
11/16/2022 14:09:32
$MEAS_TIM:
217 227
$DATA:
0 2047
       0
       0
       0
       0
       0
       0
       0
       0
       0
       0
       0
       0
       0
       0
       0
       0
       0
       0
       0
       0
       0
       0
       0
       0
       0
       0
       0
       0
       0
       0
       0
       0
       0
       0
       0
       0
       0
       0
       0
       0
       0
       0
       0
       0
       0
       0
       0
       0
       0
       0
       0
       0
       0
       0
       0
       0
       0
       0
       0
       0
       0
       0
       0
       0
       0
       0
       0
       0
       0
       0
       0
       0
       0
       0
       0
       0
       0
       0
       0
       0
       1
       2
       1
       4
       1
       2
       2
       0
       2
       3
       1
       1
       2
       1
       1
       0
       0
       1
       1
       3
       0
       1
       1
       1
       2
       2
       1
       2
       2
       0
       4
       1
       0
       0
       3
       6
       1
       1
       2
       1
       2
       3
       2
       0
       2
       0
       2
       5
       3
       1
       3
       3
       2
       1
       2
       1
       0
       0
       2
       1
       1
       7
       2
       3
       0
       0
       0
       1
       2
       3
       6
       1
       1
       2
       1
       3
       1
       3
       0
       4
       1
       4
       1
       3
       3
       3
       5
       1
       4
       4
       1
       2
       4
       2
       3
       5
       5
       0
       3
       4
       2
       3
       8
       7
       7
       5
       5
       8
       8
       5
       7
       7
       6
       6
       4
       8
       4
       5
       6
       5
       9
       4
       4
       2
       6
       5
      10
       3
       1
       5
       3
       2
       6
       9
       4
       7
       8
       7
       4
       5
       4
      10
       4
       3
       5
      14
       6
       4
       5
       4
       4
      11
       7
       2
       8
       9
       7
       8
      11
       7
       5
       6
       8
       6
       7
       3
       7
       9
      10
       7
       8
       6
      10
      11
      11
       5
      13
       9
       9
      12
      11
      13
       9
       8
      13
      10
       8
      10
       6
      15
      10
      16
      12
       9
      11
      10
      12
       9
      14
      17
      10
      14
      11
       9
      11
      17
       9
      15
      19
      21
      11
      17
       9
      20
      13
      14
      20
      15
      13
      14
      12
      14
      13
      17
      24
      13
      15
      17
      21
      19
      10
      15
      12
      21
      15
      13
       8
      10
      20
      19
      24
      15
      17
      14
      17
      21
      14
      25
      26
      23
      18
      19
      27
      25
      12
      18
      16
      16
      18
      17
      15
      21
      20
      23
      23
      23
      20
      15
      21
      31
      12
      20
      20
      16
      11
      23
      17
      14
       9
      24
      18
      17
      21
      12
      19
      28
      23
      13
      12
      20
      21
      23
      14
      21
      19
      16
      25
      20
      29
      17
      16
      23
      21
      18
      13
      17
      26
      17
      20
      22
      18
      26
      13
      13
      20
      19
      23
      19
      24
      17
      19
      26
      18
      20
      26
      26
      24
      30
      25
      30
      27
      25
      19
      24
      19
      28
      27
      27
      19
      24
      22
      30
      24
      24
      28
      18
      31
      22
      32
      29
      27
      26
      27
      34
      31
      25
      23
      20
      35
      28
      24
      21
      29
      21
      27
      36
      32
      29
      29
      14
      17
      25
      24
      26
      30
      19
      27
      24
      24
      27
      36
      21
      32
      26
      31
      26
      20
      25
      27
      13
      27
      23
      23
      30
      26
      21
      22
      26
      24
      29
      33
      34
      26
      21
      21
      24
      26
      18
      21
      32
      21
      22
      15
      32
      30
      19
      32
      16
      21
      23
      28
      19
      22
      24
      23
      25
      28
      27
      24
      29
      19
      23
      28
      26
      25
      25
      21
      25
      22
      24
      23
      26
      18
      23
      26
      24
      26
      13
      27
      31
      25
      20
      19
      22
      22
      40
      21
      19
      24
      28
      23
      20
      26
      16
      16
      23
      19
      27
      16
      26
      25
      20
      23
      21
      18
      24
      24
      22
      15
      22
      20
      20
      33
      16
      17
      14
      20
      21
      27
      19
      17
      11
      13
      23
      13
      13
      24
      14
      12
      19
      20
      19
      20
      23
      26
      13
      23
      22
      23
      19
      23
      21
      18
      18
      20
      15
      24
      24
      15
      17
      21
      20
      11
      18
      20
      23
      17
      26
      15
      15
      21
      18
      25
      22
      15
      17
      20
      21
      16
      19
      25
      15
      17
       9
      23
      14
      23
      25
      18
      21
      16
      15
      26
      25
      18
      16
      12
      12
      14
      19
      22
      20
      12
      19
      19
      16
      20
      17
      18
      15
      14
      12
      19
      17
      25
      15
      24
      14
       8
      18
      10
      11
      20
      14
      19
      19
      13
       4
      12
      22
      21
      21
      22
      19
      15
      23
      14
      20
      17
      20
      20
      16
      12
      20
      23
      25
      22
      15
      10
      19
      17
      13
      17
      15
      13
      19
      17
      16
      17
      20
      20
      19
      14
      15
      19
      18
      17
      19
      12
      12
      16
      14
      15
      16
      17
      20
      21
      13
      14
      23
      15
      14
      21
      21
      18
      12
      20
      25
      19
      19
      22
      18
      20
      25
      20
      17
      16
      17
      15
      21
      19
      14
      13
      15
      18
      13
      14
      12
      15
      16
      15
      14
      18
      18
      21
      14
      16
      23
      10
      14
      13
      28
      12
      17
      18
      12
      13
      20
      24
      17
      16
      17
      13
      18
      10
      14
      13
      13
      13
      11
      13
      10
      11
      13
      14
      13
      12
      13
      13
      13
      19
       8
      14
      12
       9
       6
      17
       6
      11
      16
      13
      14
       8
      15
      11
      15
       7
      12
       9
       8
      10
       8
      10
      11
       8
      12
       9
       8
       6
      10
       6
       8
      13
       9
      16
      12
       7
      10
       6
      12
       9
       9
      17
      10
      10
      10
       9
      12
      18
       8
      13
       7
      12
       9
       7
      16
      10
       6
      10
       8
      11
      10
      14
       6
      12
       5
      12
      12
       7
       8
       6
       9
       8
       8
       4
       9
       8
      12
      13
       8
       9
      11
       7
       2
       8
      15
       6
       9
       7
       3
       9
       7
       8
       7
       5
      12
       8
       6
       6
      11
       7
       8
       9
       7
      12
       9
      10
       7
      12
       9
       9
       9
       9
       8
       6
       5
       8
       8
       8
       6
      10
       4
       7
      10
       8
       3
       7
      10
       7
       6
       7
       5
      12
       6
      12
       5
       8
       2
       8
       4
       8
       7
       8
       7
      11
       4
       5
       4
       9
       6
       7
       4
       6
       3
       7
      12
       9
      12
       2
       6
       6
       6
       8
       9
      10
       6
       2
       3
       4
       4
       8
       3
       5
       7
       8
       3
       4
       6
       5
       4
       5
       5
       5
       4
       8
       9
       4
       5
      10
       7
       4
       5
       8
       6
       5
       4
       5
       3
       3
       5
       6
       2
       4
       5
       1
       4
       2
       7
       2
       4
       4
       2
       4
       6
       4
       6
       5
       4
       6
       6
       4
       7
       2
       7
       5
       5
       3
       2
       4
       4
       5
       6
       5
       4
       2
       5
       2
       5
       5
       6
       1
       3
       6
       4
       5
       4
       3
       2
       5
       1
       2
       6
       5
       5
       2
       6
       6
       8
       2
       4
       7
       5
       6
       6
       5
       4
       6
       7
       4
       4
       6
      11
       4
      12
       4
       5
       4
       3
       8
       4
       5
       6
       7
      13
      12
       5
       8
       9
      10
       9
       9
      11
      14
      10
       8
       5
       9
      12
       9
      10
      15
      21
      17
      10
      16
      22
      13
      16
      14
      15
      16
      15
      17
      25
      18
      10
      19
      20
      15
      20
      19
      20
      22
      25
      19
      28
      26
      20
      19
      31
      19
      32
      29
      26
      20
      38
      32
      23
      33
      40
      40
      44
      27
      32
      35
      33
      40
      34
      35
      35
      38
      38
      30
      29
      23
      42
      41
      30
      32
      30
      48
      33
      43
      54
      37
      35
      41
      41
      46
      50
      46
      42
      44
      37
      44
      38
      41
      43
      36
      41
      45
      27
      35
      41
      47
      30
      26
      39
      50
      31
      28
      27
      36
      41
      31
      33
      29
      29
      35
      37
      33
      29
      29
      32
      33
      17
      18
      27
      18
      27
      24
      15
      20
      20
      21
      15
      31
      11
      16
      16
      13
      16
      16
      11
      22
      10
      17
       9
      10
      15
      14
      10
       6
      16
       9
       5
       4
       6
      13
       7
       3
       4
       7
       9
       3
       4
       3
      10
       3
       5
       6
       3
       3
       4
       3
       1
       3
       4
       3
       1
       0
       5
       2
       1
       4
       2
       0
       2
       1
       4
       2
       3
       1
       2
       0
       0
       4
       1
       2
       3
       4
       0
       6
       1
       3
       1
       1
       1
       0
       1
       2
       2
       1
       2
       4
       0
       1
       0
       1
       2
       4
       1
       1
       2
       1
       1
       1
       2
       1
       3
       0
       2
       0
       1
       3
       2
       1
       1
       3
       1
       1
       1
       1
       0
       1
       1
       2
       2
       3
       2
       1
       2
       0
       2
       1
       0
       1
       3
       2
       1
       0
       3
       2
       2
       0
       1
       1
       2
       0
       3
       2
       1
       2
       4
       1
       2
       1
       0
       0
       1
       0
       3
       0
       0
       1
       1
       0
       0
       0
       2
       1
       2
       1
       2
       3
       3
       2
       0
       2
       1
       2
       1
       1
       4
       2
       1
       0
       2
       0
       2
       2
       0
       0
       3
       1
       1
       1
       1
       2
       4
       0
       1
       1
       4
       1
       0
       2
       1
       0
       3
       1
       1
       1
       0
       2
       2
       2
       3
       0
       1
       3
       0
       2
       2
       1
       2
       4
       0
       3
       1
       2
       0
       2
       2
       0
       0
       6
       1
       4
       3
       2
       2
       0
       3
       1
       3
       2
       1
       2
       2
       3
       0
       3
       3
       2
       2
       3
       1
       4
       3
       0
       0
       1
       2
       0
       3
       0
       3
       1
       1
       0
       4
       5
       2
       0
       2
       1
       0
       2
       3
       0
       4
       1
       0
       2
       0
       4
       1
       1
       2
       3
       0
       0
       0
       4
       4
       5
       0
       3
       1
       2
       3
       0
       3
       2
       1
       5
       2
       1
       6
       7
       6
       0
       3
       1
       0
       2
       0
       1
       1
       1
       1
       0
       2
       1
       1
       1
       3
       2
       2
       1
       2
       0
       1
       3
       2
       2
       1
       2
       4
       0
       0
       1
       1
       3
       4
       1
       3
       2
       2
       1
       1
       2
       3
       2
       0
       3
       2
       1
       1
       2
       3
       1
       2
       3
       1
       0
       2
       1
       0
       0
       1
       4
       1
       1
       0
       1
       0
       3
       0
       3
       2
       0
       2
       1
       1
       2
       3
       1
       1
       0
       1
       0
       1
       1
       2
       0
       1
       1
       0
       0
       4
       1
       0
       1
       1
       1
       1
       2
       1
       0
       3
       2
       0
       1
       2
       1
       0
       1
       0
       1
       0
       0
       3
       1
       0
       0
       0
       1
       0
       3
       1
       0
       3
       0
       0
       1
       4
       0
       1
       0
       1
       1
       0
       1
       2
       1
       0
       0
       0
       1
       2
       0
       0
       1
       0
       3
       0
       2
       0
       0
       3
       1
       0
       3
       0
       2
       1
       3
       2
       0
       0
       0
       1
       1
       0
       5
       0
       1
       2
       1
       1
       1
       1
       2
       2
       0
       2
       0
       0
       2
       3
       0
       0
       1
       0
       2
       3
       0
       2
       1
       1
       1
       1
       1
       2
       1
       1
       0
       1
       0
       2
       1
       3
       0
       1
       2
       0
       2
       2
       2
       2
       0
       1
       2
       2
       0
       4
       1
       1
       1
       0
       4
       1
       1
       1
       0
       3
       3
       2
       1
       2
       2
       3
       3
       3
       1
       4
       1
       1
       2
       0
       1
       3
       1
       3
       0
       0
       1
       2
       1
       2
       2
       2
       0
       0
       0
       1
       0
       2
       2
       0
       4
       2
       1
       2
       0
       1
       0
       1
       1
       1
       1
       0
       1
       3
       0
       0
       1
       1
       0
       1
       2
       2
       0
       1
       1
       1
       0
       1
       1
       1
       3
       0
       0
       0
       2
       0
       0
       2
       0
       0
       3
       4
       1
       3
       1
       3
       2
       1
       4
       0
       1
       1
       1
       1
       3
       1
       1
       1
       3
       0
       1
       2
       2
       1
       2
       2
       1
       1
       4
       1
       2
       0
       3
       0
       1
       0
       2
       2
       3
       3
       1
       2
       0
       2
       6
       1
       1
       2
       4
       0
       1
       1
       0
       1
       1
       3
       2
       1
       0
       1
       0
       4
       0
       3
       2
       0
       1
       1
       1
       1
       1
       0
       0
       2
       0
       0
       3
       1
       1
       4
       0
       2
       2
       0
       0
       1
       1
       2
       1
       0
       0
       2
       2
       0
       0
       1
       2
       0
       2
       2
       1
       1
       0
       5
       0
       1
       4
       2
       0
       2
       3
       5
       2
       2
       1
       0
       0
       2
       1
       0
       2
       1
       0
       0
       2
       3
       0
       0
       2
       2
       1
       1
       2
       2
       1
       0
       1
       2
       2
       3
       1
       0
       2
       1
       0
       0
       2
       2
       0
       1
       3
       1
       1
       1
       0
       1
       3
       3
       0
       0
       3
       1
       0
       1
       2
       2
       1
       0
       3
       1
       4
       0
       1
       2
       1
       1
       0
       2
       2
       1
       0
       0
       1
       0
       1
       1
       2
       3
       0
       0
       1
       2
       2
       1
       1
       1
       1
       3
       0
       1
       0
       1
       0
       1
       1
       2
       0
       0
       1
       0
       1
       1
       0
       5
       0
       0
       0
       0
       0
       0
       0
       0
       0
       0
       0
       0
       0
       0
       0
       0
       0
       0
       0
       0
       0
       0
       0
       0
       0
       0
       0
       0
       0
       0
       0
       0
$ROI:
0
$PRESETS:
None
0
0
$ENER_FIT:
0.000000 0.376289
$MCA_CAL:
3
0.000000E+000 3.762887E-001 0.000000E+000 keV
$SHAPE_CAL:
3
1.061399E+002 0.000000E+000 0.000000E+000
