$SPEC_ID:
Scatter
$SPEC_REM:
DET# 2
DETDESC# JLAB-9 MCB 136
AP# Maestro Version 7.01
$DATE_MEA:
11/14/2022 16:18:21
$MEAS_TIM:
522 524
$DATA:
0 2047
       0
       0
       0
       0
       0
       0
       0
       0
       0
       0
       0
       0
       0
       0
       0
       0
       0
       0
       0
       0
       0
       0
       0
       0
       0
       0
       0
       0
       0
       0
       0
       0
       0
       0
       0
       0
       0
       0
       0
       0
       0
       0
       0
       0
       0
       0
       0
       0
       0
       0
       0
       0
       0
       0
       0
       0
       0
       0
       0
       0
       0
       0
       0
       0
       0
       0
       0
       0
       0
       0
       0
       0
       0
       0
       0
       0
       0
       0
       0
       0
       0
       1
       0
       1
       0
       1
       2
       2
       2
       1
       0
       0
       1
       0
       1
       0
       0
       0
       2
       3
       3
       1
       2
       1
       3
       1
       5
       1
       0
       2
       0
       1
       3
       2
       0
       0
       0
       2
       1
       0
       1
       0
       1
       1
       1
       0
       3
       2
       0
       0
       2
       2
       0
       2
       0
       1
       1
       1
       4
       1
       1
       1
       3
       1
       2
       2
       2
       0
       2
       1
       2
       1
       3
       0
       4
       2
       1
       1
       3
       2
       2
       3
       7
       2
       0
       2
       3
       5
       2
       1
       0
       1
       4
       3
       1
       1
       3
       3
       2
       3
       1
       5
       2
       3
       2
       6
       3
       1
       3
       0
       3
       1
       0
       1
       4
       2
       3
       3
       2
       5
       2
       3
       2
       4
       4
       6
       4
       4
       3
       4
       2
       2
       2
       1
       4
       5
       3
       3
       5
       2
       5
       9
       2
       3
       2
       6
       3
       3
       9
       4
       4
       3
       4
       2
       6
       1
       8
       4
       3
       6
       1
       5
       3
       6
       5
       6
       6
       8
       2
       5
       2
       4
       9
       4
       2
       5
       5
       5
       6
       4
       4
       2
       1
       3
       6
       3
       7
       4
       2
       3
       4
       7
       9
       5
       4
       2
       3
       4
       6
       8
       7
       6
       8
       3
       3
       1
       4
       4
       6
       3
       4
       5
       1
       5
       8
       3
       4
       6
       5
       4
       3
       5
       2
       5
       6
       7
       6
       5
       5
       4
       3
       7
       5
       5
       6
       5
       3
       4
       7
       4
       1
      10
       3
       9
       8
       5
       4
       7
       8
       2
       7
       3
       7
       3
       9
       2
       8
       7
       0
       3
       5
       5
       3
       9
       4
       5
       9
       7
       4
       3
       6
       4
       4
       8
       1
       6
       6
       8
       5
       8
      10
       9
       5
       5
       6
       4
       6
       6
       8
       1
       5
       3
       2
       4
       5
       2
       9
       4
       9
       7
       6
       5
      14
       7
       5
       4
       9
       8
       6
       2
       9
       7
       8
       8
       8
       5
      10
       8
       5
      10
       5
       7
       6
       9
       7
       6
       4
       6
       6
       8
       4
       7
       5
       7
       4
       6
       3
       8
       4
       4
       5
       8
       5
      11
      10
       4
       2
       7
      12
       8
       3
       7
       8
       6
       5
      10
       8
      12
       3
       4
       8
       5
       9
       6
       4
      10
      12
      10
       7
       7
       9
      12
       9
       7
       9
       5
      12
       9
       9
      10
      11
      11
       9
      15
       8
       9
       9
      11
       6
      13
       6
      15
      13
      13
      10
      15
      14
      13
      19
      19
      13
       8
      19
       8
      10
      13
      20
      11
       9
      14
       5
      14
      14
      19
      14
      16
      16
      19
      22
      15
      15
      15
      11
      13
      14
      18
      22
      19
      17
      18
      17
      19
      12
      16
      11
      17
      19
      13
      19
       8
      20
      13
      10
      14
      17
      13
      12
      19
      14
       6
      14
       9
      10
      11
       3
       9
      10
      15
      13
      10
      10
       5
      11
      11
       5
       9
      11
       6
       4
       4
       7
       6
       2
       7
       4
       6
       9
       5
       9
       6
       9
       9
       6
       7
       7
       7
       3
       4
       4
       4
       3
       6
       6
       6
       3
       6
       6
       1
       2
       3
       4
       7
       0
       5
       5
       2
       3
       1
       5
       8
       2
       1
       5
       0
       2
       1
       1
       5
       3
       3
       2
       5
       3
       4
       4
       1
       1
       1
       3
       4
       3
       0
       1
       4
       4
       3
       2
       3
       2
       3
       1
       3
       1
       3
       2
       3
       1
       0
       2
       0
       1
       2
       0
       2
       1
       3
       1
       2
       2
       0
       1
       2
       2
       1
       3
       1
       3
       3
       3
       2
       1
       3
       2
       1
       1
       0
       1
       4
       2
       2
       1
       0
       3
       1
       3
       1
       1
       0
       1
       1
       2
       0
       1
       0
       1
       0
       1
       3
       2
       3
       1
       2
       1
       4
       0
       0
       1
       1
       0
       0
       0
       1
       1
       1
       1
       2
       2
       2
       3
       1
       0
       1
       1
       0
       2
       3
       1
       2
       2
       0
       1
       0
       1
       3
       2
       0
       2
       1
       3
       2
       2
       0
       0
       1
       0
       0
       1
       1
       2
       0
       1
       0
       1
       0
       1
       1
       2
       3
       0
       0
       4
       1
       2
       1
       0
       1
       0
       0
       0
       2
       1
       2
       0
       1
       0
       0
       1
       0
       1
       0
       0
       1
       0
       0
       0
       0
       0
       3
       1
       1
       1
       0
       1
       0
       0
       0
       1
       0
       0
       0
       1
       0
       1
       0
       0
       0
       3
       1
       0
       0
       0
       0
       0
       1
       0
       1
       0
       1
       0
       0
       0
       1
       0
       1
       1
       0
       2
       0
       1
       0
       0
       0
       0
       1
       1
       1
       0
       0
       3
       0
       0
       0
       0
       1
       0
       0
       0
       0
       1
       1
       0
       1
       0
       0
       1
       0
       2
       0
       0
       0
       0
       0
       0
       1
       0
       0
       0
       1
       0
       0
       1
       1
       0
       1
       1
       0
       0
       0
       1
       0
       0
       0
       0
       0
       0
       2
       1
       2
       0
       0
       0
       2
       0
       0
       1
       0
       0
       0
       1
       0
       2
       1
       0
       1
       1
       1
       0
       1
       1
       0
       0
       0
       0
       0
       0
       0
       2
       1
       0
       0
       0
       0
       0
       1
       1
       0
       1
       1
       0
       0
       0
       0
       1
       0
       0
       0
       0
       0
       0
       0
       1
       0
       0
       0
       0
       0
       1
       0
       0
       0
       0
       0
       1
       0
       0
       1
       1
       0
       0
       0
       0
       0
       0
       2
       1
       0
       0
       1
       0
       1
       1
       0
       0
       0
       1
       0
       0
       0
       1
       0
       0
       1
       0
       2
       1
       1
       1
       0
       0
       0
       0
       0
       0
       0
       0
       0
       0
       0
       1
       0
       0
       0
       0
       0
       0
       0
       0
       0
       0
       0
       0
       0
       0
       0
       0
       0
       0
       0
       0
       0
       0
       0
       0
       1
       0
       0
       0
       1
       1
       0
       0
       0
       2
       0
       0
       0
       0
       0
       0
       0
       0
       1
       0
       0
       0
       0
       0
       1
       1
       0
       2
       0
       0
       0
       0
       1
       0
       0
       0
       0
       0
       0
       0
       1
       0
       0
       0
       0
       1
       2
       0
       0
       0
       0
       1
       1
       0
       0
       1
       0
       0
       0
       0
       0
       1
       0
       1
       0
       1
       1
       0
       0
       1
       1
       0
       0
       2
       0
       0
       1
       0
       0
       0
       0
       2
       2
       1
       0
       0
       0
       0
       1
       0
       0
       0
       0
       0
       0
       0
       1
       0
       0
       2
       0
       0
       1
       1
       0
       0
       0
       0
       0
       0
       0
       0
       0
       1
       0
       0
       3
       0
       0
       2
       2
       0
       0
       0
       0
       1
       0
       0
       1
       0
       2
       1
       0
       1
       1
       0
       2
       0
       0
       0
       0
       1
       1
       1
       1
       0
       1
       1
       0
       2
       1
       0
       0
       0
       0
       0
       1
       1
       1
       1
       0
       0
       1
       0
       0
       0
       1
       0
       1
       0
       0
       0
       0
       0
       0
       0
       0
       0
       0
       0
       0
       3
       0
       0
       0
       0
       0
       0
       0
       0
       2
       1
       0
       0
       0
       1
       0
       0
       0
       1
       0
       0
       1
       0
       0
       0
       0
       0
       0
       0
       0
       0
       0
       0
       0
       0
       1
       1
       0
       0
       0
       0
       0
       0
       1
       0
       0
       0
       0
       0
       0
       1
       0
       0
       1
       0
       0
       0
       0
       0
       0
       0
       0
       1
       0
       0
       0
       0
       0
       0
       0
       0
       0
       1
       1
       0
       0
       0
       0
       0
       0
       0
       0
       1
       1
       0
       1
       0
       1
       0
       0
       0
       0
       0
       0
       0
       0
       0
       0
       0
       0
       0
       0
       0
       0
       0
       0
       0
       0
       0
       1
       0
       1
       0
       0
       0
       0
       0
       1
       1
       0
       0
       0
       0
       0
       0
       1
       1
       0
       0
       0
       0
       1
       0
       0
       0
       0
       0
       0
       0
       1
       0
       0
       0
       0
       0
       0
       0
       1
       0
       0
       0
       0
       1
       0
       0
       0
       0
       0
       0
       0
       0
       1
       0
       0
       1
       0
       0
       1
       0
       0
       2
       0
       0
       0
       0
       2
       0
       0
       0
       0
       0
       0
       0
       0
       0
       0
       0
       0
       0
       0
       0
       0
       0
       0
       0
       0
       0
       0
       0
       0
       0
       0
       0
       0
       0
       0
       0
       0
       0
       0
       0
       1
       1
       0
       0
       0
       1
       0
       0
       0
       0
       1
       0
       0
       0
       0
       1
       0
       0
       0
       0
       0
       0
       0
       0
       0
       0
       0
       0
       0
       1
       0
       0
       0
       1
       0
       0
       0
       0
       0
       0
       0
       1
       1
       0
       0
       0
       0
       4
       1
       0
       0
       1
       1
       0
       0
       0
       1
       1
       2
       0
       0
       0
       0
       0
       0
       0
       0
       1
       2
       0
       0
       0
       0
       0
       0
       0
       0
       1
       0
       0
       0
       0
       0
       0
       0
       0
       0
       0
       0
       0
       0
       1
       0
       0
       0
       0
       0
       0
       0
       0
       0
       0
       0
       0
       0
       0
       0
       1
       1
       0
       0
       1
       1
       0
       0
       0
       0
       0
       1
       0
       0
       0
       0
       0
       0
       0
       0
       0
       0
       0
       0
       0
       0
       0
       0
       0
       0
       0
       0
       0
       0
       0
       0
       0
       0
       0
       0
       0
       0
       0
       0
       0
       0
       0
       0
       1
       0
       0
       0
       0
       0
       0
       0
       0
       0
       0
       0
       0
       0
       0
       0
       0
       0
       0
       0
       0
       0
       0
       0
       0
       0
       0
       1
       0
       1
       0
       0
       0
       0
       0
       0
       0
       0
       0
       0
       0
       0
       0
       0
       1
       0
       0
       0
       0
       0
       0
       0
       0
       0
       0
       0
       0
       0
       0
       0
       0
       0
       0
       0
       0
       0
       0
       0
       0
       0
       0
       0
       1
       0
       0
       1
       0
       0
       0
       0
       0
       0
       0
       0
       0
       0
       0
       0
       0
       0
       0
       0
       0
       0
       0
       0
       0
       0
       0
       0
       0
       0
       1
       0
       0
       0
       0
       0
       0
       0
       0
       0
       1
       0
       0
       0
       0
       0
       0
       0
       0
       0
       0
       0
       0
       0
       0
       0
       0
       0
       0
       0
       0
       0
       0
       0
       0
       0
       0
       0
       1
       0
       0
       0
       0
       0
       0
       0
       0
       0
       0
       0
       0
       0
       0
       0
       0
       0
       0
       0
       0
       0
       0
       0
       0
       0
       0
       0
       0
       1
       0
       0
       0
       0
       0
       0
       0
       0
       0
       0
       0
       0
       0
       1
       1
       0
       0
       0
       0
       0
       0
       0
       0
       0
       0
       0
       0
       0
       0
       0
       1
       0
       0
       0
       0
       0
       0
       0
       0
       0
       0
       0
       0
       0
       0
       0
       0
       0
       0
       0
       0
       0
       0
       0
       0
       0
       0
       0
       0
       0
       0
       0
       0
       0
       0
       0
       0
       0
       0
       0
       0
       0
       0
       0
       0
       0
       0
       0
       0
       0
       0
       0
       0
       0
       0
       0
       0
       0
       0
       0
       0
       0
       0
       0
       0
       0
       0
       0
       0
       0
       0
       0
       0
       0
       1
       0
       0
       0
       0
       0
       0
       0
       0
       0
       0
       0
       0
       0
       0
       0
       0
       0
       0
       0
       0
       0
       0
       0
       0
       0
       0
       0
       0
       0
       1
       0
       0
       0
       0
       0
       0
       0
       0
       0
       0
       0
       0
       0
       0
       0
       0
       0
       0
       0
       0
       0
       0
       0
       1
       0
       0
       0
       0
       0
       0
       0
       0
       0
       0
       0
       0
       0
       0
       0
       0
       0
       0
       0
       0
       0
       0
       0
       0
       0
       0
       0
       0
       0
       0
       0
       0
       0
       0
       0
       0
       0
       1
       0
       0
       0
       0
       0
       0
       1
       0
       0
       0
       0
       0
       0
       0
       0
       0
       0
       0
       0
       0
       0
       0
       0
       0
       0
       0
       0
       0
       0
       0
       0
       0
       0
       0
       0
       0
       0
       0
       0
       0
       0
       0
       0
       0
       1
       0
       0
       1
       0
       0
       0
       0
       0
       0
       0
       0
       0
       0
       0
       0
       0
       0
       0
       0
       0
       0
       0
       0
       1
       0
       0
       0
       0
       0
       0
       0
       0
       0
       0
       0
       1
       0
       0
       0
       0
       0
       0
       0
       0
       0
       0
       0
       0
       0
       0
       0
       0
       0
       1
       0
       0
       0
       0
       0
       0
       0
       0
       0
       0
       0
       0
       0
       0
       0
       0
       0
       0
       0
       0
       0
       0
       0
       0
       0
       0
       0
       0
       0
       0
       0
       0
$ROI:
0
$PRESETS:
None
0
0
$ENER_FIT:
0.000000 0.376604
$MCA_CAL:
3
0.000000E+000 3.766040E-001 0.000000E+000 keV
$SHAPE_CAL:
3
9.515098E+001 0.000000E+000 0.000000E+000
