$SPEC_ID:
Target
$SPEC_REM:
DET# 1
DETDESC# JLAB-9 MCB 135
AP# Maestro Version 7.01
$DATE_MEA:
11/14/2022 16:40:24
$MEAS_TIM:
837 873
$DATA:
0 2047
       0
       0
       0
       0
       0
       0
       0
       0
       0
       0
       0
       0
       0
       0
       0
       0
       0
       0
       0
       0
       0
       0
       0
       0
       0
       0
       0
       0
       0
       0
       0
       0
       0
       0
       0
       0
       0
       0
       0
       0
       0
       0
       0
       0
       0
       0
       0
       0
       0
       0
       0
       0
       0
       0
       0
       0
       0
       0
       0
       0
       0
       0
       0
       0
       0
       0
       0
       0
       0
       0
       0
       0
       0
       0
       0
       0
       0
       0
       0
       0
       0
       0
       1
       0
       0
       1
       2
       0
       0
       1
       2
       2
       0
       4
       1
       2
       1
       1
       1
       1
       2
       1
       4
       1
       3
       1
       1
       3
       3
       1
       1
       0
       1
       0
       1
       2
       1
       0
       0
       0
       0
       1
       4
       4
       1
       0
       3
       3
       1
       0
       3
       3
       0
       5
       1
       1
       2
       1
       2
       2
       1
       2
       1
       0
       1
       2
       3
       2
       2
       1
       1
       0
       0
       1
       0
       1
       1
       3
       1
       0
       1
       4
       0
       3
       2
       1
       1
       0
       0
       6
       2
       2
       1
       2
       0
       1
       2
       3
       8
       4
       3
       3
       3
       2
       4
       2
       3
       3
       0
       1
       3
       2
       2
       4
       3
       3
       2
       3
       3
       5
       2
       3
       7
       4
       4
       2
       4
       2
       1
       3
       2
       3
       3
       4
       1
       3
       3
       1
       5
       2
       6
       2
       4
       1
       3
       2
       3
      11
       4
       8
       5
       4
       4
       9
       8
       3
       2
       5
       8
       6
       4
       6
       5
       5
       4
       6
       5
       6
       7
       3
       7
       6
       5
       8
       6
       7
       7
       3
       8
       7
       6
       4
      12
       9
       7
       7
       6
       7
       5
       6
      11
       6
       4
       3
      13
       5
       7
       4
       5
       3
       4
       7
       7
       5
       6
       9
       6
       9
      15
       8
       9
       8
      14
       9
      12
       7
      10
      10
       6
      12
       7
       8
       6
       8
      12
      14
      13
       9
       7
       8
      13
       3
      11
      11
      11
      11
      18
      14
       7
      12
       9
      12
      11
      14
      11
      13
      14
      14
      17
      15
      12
      14
      12
      17
      20
       9
      18
      20
      17
       7
      14
      21
      19
      24
      16
      13
      15
      15
      13
      15
      18
      16
      18
      17
      17
      19
      16
      22
      19
      24
      20
      16
      22
      21
      18
      21
      18
      25
      21
      26
      17
      34
      24
      26
      24
      26
      25
      25
      23
      17
      20
      23
      26
      31
      31
      26
      25
      24
      26
      35
      37
      31
      27
      22
      25
      29
      34
      41
      38
      26
      40
      25
      33
      32
      35
      26
      35
      30
      21
      25
      22
      33
      34
      21
      23
      33
      27
      33
      33
      28
      35
      27
      31
      29
      38
      28
      37
      33
      36
      30
      32
      34
      28
      31
      43
      28
      32
      28
      30
      24
      32
      26
      23
      46
      23
      25
      30
      36
      34
      54
      39
      30
      35
      25
      31
      21
      27
      37
      39
      32
      34
      32
      32
      30
      26
      30
      35
      20
      33
      25
      27
      29
      24
      34
      29
      24
      46
      34
      26
      31
      17
      26
      35
      24
      24
      38
      27
      26
      28
      23
      24
      22
      35
      21
      24
      20
      14
      25
      23
      27
      32
      25
      19
      18
      13
      16
      19
      19
      13
      29
      18
      18
      15
      21
      12
      19
      30
      17
      15
      14
      11
      20
      16
       9
      17
      17
      14
      12
      11
      19
      13
      16
      24
       9
      18
      15
      11
      10
      16
      12
      13
      14
      15
      15
       9
      12
       8
       9
       8
      16
      11
      14
      16
       7
      12
      11
      12
       9
      13
       9
      13
       8
       7
      14
       7
      12
       9
       7
      12
       7
       6
      12
       9
       7
      11
       6
       9
       6
       6
      12
       5
      10
      11
      11
      11
       8
      11
       6
       5
      12
       4
       5
       2
       5
       5
       8
      10
       9
       6
       8
       5
       3
       4
       9
      10
       6
       9
       7
      10
       2
       8
       8
       5
      10
       8
       6
       7
      11
       7
       5
      12
      13
      11
      10
       3
       2
       5
       8
       5
       5
       7
       9
       6
       4
       6
       3
       6
       6
       6
       4
       7
       5
       7
       3
       6
       7
       9
       5
       7
       6
      11
       9
       3
       7
       1
       2
       1
       5
      10
       4
       5
       6
       9
       9
       4
      10
      10
      10
       4
       3
       4
       3
       1
       7
       6
       4
       9
       6
       8
       3
       9
       4
       7
       5
       5
       5
       5
       7
       2
       1
       4
       5
       7
       5
       7
       0
       7
       7
       4
      10
       5
       8
       8
       4
       8
       3
       8
       6
       5
       8
      10
       7
       2
       6
       7
       3
       3
       7
       5
       7
       4
       5
       6
       2
       2
       8
       5
       5
       8
       2
       8
       4
       5
       6
       3
       3
       4
       5
       3
       6
       6
       7
       7
       6
       6
       5
       9
       3
       6
       1
       5
       3
       8
       2
       6
       4
       5
       6
       4
       8
       7
       1
       6
       7
       5
       8
       5
       6
       2
       4
       3
      10
       9
       4
       3
       3
       8
       6
       1
       6
       3
       3
       5
       0
       5
       8
       6
       8
       4
       1
       5
       2
       3
       4
       2
       6
       3
       3
      10
       3
       6
       5
       2
       5
       1
       3
       4
       4
       4
       3
       2
       4
       2
       4
       2
       5
       3
       3
       2
       1
       4
       1
       3
       2
      10
       1
       4
       1
       1
       1
       2
       1
       5
       2
       6
       3
       1
       6
       3
       0
       0
       3
       2
       2
       2
       1
       3
       3
       1
       3
       1
       3
       4
       1
       5
       3
       2
       4
       2
       1
       3
       3
       1
       3
       3
       3
       3
       1
       3
       2
       2
       1
       3
       2
       3
       4
       2
       1
       4
       1
       3
       1
       0
       1
       2
       2
       1
       0
       1
       4
       3
       1
       2
       4
       4
       1
       0
       4
       1
       2
       4
       3
       0
       2
       1
       4
       0
       1
       3
       0
       0
       3
       0
       2
       2
       3
       0
       1
       1
       2
       0
       1
       0
       2
       0
       2
       1
       0
       2
       1
       1
       2
       1
       1
       0
       0
       1
       2
       4
       3
       3
       2
       0
       0
       2
       2
       1
       2
       2
       1
       0
       2
       2
       0
       2
       0
       0
       2
       1
       0
       0
       0
       0
       1
       0
       0
       2
       0
       1
       1
       2
       2
       0
       0
       1
       2
       2
       1
       1
       0
       0
       0
       0
       1
       1
       0
       2
       1
       0
       0
       1
       1
       1
       0
       0
       2
       0
       1
       0
       0
       0
       0
       0
       0
       0
       0
       1
       1
       3
       0
       0
       0
       0
       0
       0
       0
       0
       0
       1
       1
       1
       2
       0
       0
       2
       0
       2
       0
       1
       0
       0
       0
       1
       1
       0
       3
       2
       0
       0
       0
       0
       2
       0
       0
       0
       1
       2
       5
       0
       1
       0
       0
       1
       0
       4
       0
       0
       0
       0
       0
       0
       0
       0
       2
       1
       1
       0
       2
       1
       0
       0
       0
       0
       4
       1
       2
       2
       2
       3
       2
       2
       2
       0
       1
       3
       3
       4
       3
       2
       3
       1
       1
       1
       0
       2
       2
       3
       5
       3
       4
       6
       1
       4
       6
       1
       3
       2
       5
       2
       5
       2
       5
       5
       3
       6
       8
       5
       5
       5
       7
       4
       6
       5
       5
       7
       6
       4
       4
       6
       9
       6
       4
       3
       9
       5
       4
       4
       9
       5
       3
      10
       5
       8
       6
       6
       5
       6
       5
       5
       8
       6
       4
       7
      10
       5
      18
       6
       4
       5
       4
       8
       7
       7
       6
      13
       7
       6
       5
       5
       9
       2
       5
       7
       3
       6
       5
       5
       3
       5
       4
       4
       6
       3
       4
       0
       4
       6
       3
       2
       4
       1
       5
       1
       3
       2
       3
       2
       3
       1
       1
       3
       2
       5
       2
       1
       4
       1
       4
       0
       0
       0
       1
       0
       4
       0
       0
       1
       3
       3
       0
       2
       2
       0
       0
       1
       1
       2
       1
       0
       0
       0
       0
       1
       0
       3
       0
       0
       0
       0
       0
       0
       0
       0
       1
       0
       0
       0
       0
       0
       0
       0
       0
       0
       0
       0
       0
       0
       1
       0
       1
       0
       0
       0
       0
       0
       0
       0
       0
       1
       0
       0
       0
       0
       0
       0
       0
       0
       0
       1
       0
       0
       1
       0
       0
       0
       0
       0
       0
       0
       0
       0
       0
       0
       0
       0
       0
       0
       0
       0
       0
       0
       0
       1
       0
       0
       0
       0
       0
       0
       0
       0
       0
       0
       0
       0
       0
       0
       0
       0
       0
       0
       0
       0
       0
       0
       0
       0
       0
       0
       0
       0
       0
       0
       0
       0
       0
       0
       0
       0
       0
       0
       0
       0
       0
       0
       0
       0
       0
       1
       0
       0
       0
       0
       0
       0
       0
       0
       0
       0
       0
       0
       0
       0
       0
       0
       0
       0
       0
       0
       0
       0
       0
       0
       0
       0
       0
       0
       0
       0
       0
       1
       0
       0
       0
       0
       1
       0
       1
       0
       0
       0
       0
       0
       0
       0
       0
       0
       0
       0
       2
       1
       0
       0
       0
       0
       0
       0
       0
       0
       1
       0
       0
       0
       1
       0
       1
       0
       0
       0
       0
       0
       0
       1
       1
       1
       0
       0
       0
       0
       0
       0
       0
       0
       0
       0
       0
       0
       0
       0
       0
       0
       0
       0
       0
       0
       0
       0
       0
       0
       0
       2
       0
       0
       0
       0
       0
       0
       0
       0
       0
       0
       1
       0
       0
       0
       0
       0
       1
       0
       0
       0
       0
       0
       1
       0
       0
       0
       0
       0
       0
       0
       1
       0
       0
       0
       0
       0
       0
       0
       0
       0
       1
       0
       0
       0
       0
       0
       0
       0
       0
       0
       0
       0
       0
       0
       0
       0
       1
       0
       0
       0
       0
       0
       0
       0
       0
       0
       0
       0
       0
       0
       0
       0
       0
       0
       1
       0
       0
       0
       0
       0
       0
       0
       0
       0
       0
       0
       1
       0
       0
       0
       0
       0
       0
       0
       0
       1
       0
       1
       0
       0
       0
       0
       0
       0
       0
       0
       0
       0
       0
       1
       0
       0
       0
       0
       0
       1
       0
       0
       0
       0
       0
       0
       0
       0
       0
       0
       0
       0
       0
       0
       0
       0
       0
       1
       0
       0
       0
       0
       0
       0
       0
       1
       0
       0
       0
       2
       0
       0
       0
       0
       1
       1
       0
       0
       0
       0
       1
       0
       0
       0
       0
       0
       0
       1
       0
       0
       0
       1
       0
       0
       0
       0
       0
       1
       0
       0
       0
       0
       0
       0
       0
       1
       1
       0
       0
       0
       0
       1
       0
       0
       1
       0
       0
       0
       0
       0
       0
       0
       0
       0
       0
       0
       0
       0
       0
       0
       0
       0
       0
       0
       0
       0
       0
       0
       0
       0
       0
       0
       0
       0
       0
       0
       0
       0
       0
       0
       0
       0
       0
       1
       0
       0
       0
       0
       1
       0
       0
       1
       0
       0
       0
       0
       0
       0
       0
       0
       0
       0
       0
       0
       0
       0
       0
       0
       0
       0
       0
       0
       0
       0
       0
       0
       0
       0
       0
       0
       0
       0
       1
       0
       0
       0
       0
       0
       0
       1
       0
       0
       0
       0
       0
       0
       0
       0
       0
       0
       0
       0
       0
       0
       0
       0
       0
       1
       0
       1
       0
       0
       0
       0
       0
       0
       0
       0
       1
       0
       0
       0
       0
       0
       0
       2
       0
       0
       0
       0
       0
       0
       0
       0
       0
       0
       0
       0
       0
       0
       0
       1
       0
       0
       0
       0
       0
       0
       0
       0
       0
       0
       0
       0
       0
       0
       0
       0
       0
       0
       0
       0
       0
       0
       0
       0
       0
       0
       0
       0
       0
       0
       0
       0
       0
       1
       0
       0
       0
       1
       0
       0
       0
       0
       1
       0
       0
       0
       0
       0
       0
       0
       0
       0
       0
       0
       0
       0
       0
       0
       0
       0
       0
       0
       0
       0
       0
       0
       0
       0
       0
       0
       0
       0
       0
       0
       1
       0
       0
       0
       0
       0
       0
       1
       0
       0
       0
       0
       0
       0
       0
       1
       0
       0
       0
       0
       0
       0
       1
       0
       0
       0
       0
       0
       0
       0
       0
       0
       0
       0
       0
       0
       0
       0
       0
       0
       0
       0
       0
       0
       0
       0
       0
       0
       0
       0
       0
       0
       0
       0
       0
       0
       0
       0
       0
       0
       1
       0
       0
       0
       0
       0
       0
       1
       0
       0
       0
       0
       0
       0
       0
       0
       0
       0
       0
       1
       0
       0
       0
       0
       0
       0
       0
       0
       1
       0
       0
       0
       0
       0
       0
       0
       0
       0
       0
       0
       0
       1
       0
       0
       0
       0
       0
       0
       0
       0
       0
       0
       0
       0
       0
       0
       0
       0
       0
       0
       0
       0
       0
       1
       0
       0
       0
       0
       0
       0
       0
       0
       0
       0
       0
       0
       0
       0
       0
       0
       0
       0
       0
       0
       0
       1
       0
       0
       0
       0
       0
       0
       0
       0
       0
       0
       0
       0
       0
       0
       0
       0
       0
       0
       0
       0
       0
       0
       0
       0
       0
       0
       0
       0
       0
       0
       0
       0
       0
       0
       0
       0
       0
       0
       0
       0
       0
       0
       0
       0
       0
       0
       0
       0
       0
$ROI:
0
$PRESETS:
None
0
0
$ENER_FIT:
0.000000 0.376289
$MCA_CAL:
3
0.000000E+000 3.762887E-001 0.000000E+000 keV
$SHAPE_CAL:
3
1.061399E+002 0.000000E+000 0.000000E+000
