$SPEC_ID:
Target
$SPEC_REM:
DET# 1
DETDESC# JLAB-9 MCB 135
AP# Maestro Version 7.01
$DATE_MEA:
11/14/2022 15:02:58
$MEAS_TIM:
81 85
$DATA:
0 2047
       0
       0
       0
       0
       0
       0
       0
       0
       0
       0
       0
       0
       0
       0
       0
       0
       0
       0
       0
       0
       0
       0
       0
       0
       0
       0
       0
       0
       0
       0
       0
       0
       0
       0
       0
       0
       0
       0
       0
       0
       0
       0
       0
       0
       0
       0
       0
       0
       0
       0
       0
       0
       0
       0
       0
       0
       0
       0
       0
      27
      30
      33
      44
      28
      31
      41
      29
      33
      26
      32
      20
      39
      23
      36
      29
      33
      33
      37
      38
      26
      40
      33
      45
      26
      33
      32
      27
      28
      32
      29
      28
      40
      37
      38
      28
      26
      27
      29
      27
      25
      33
      29
      31
      37
      29
      31
      25
      40
      39
      23
      29
      27
      26
      38
      31
      30
      33
      31
      32
      34
      35
      33
      34
      43
      34
      41
      43
      27
      30
      40
      24
      32
      35
      25
      34
      32
      37
      32
      26
      33
      32
      32
      33
      30
      30
      34
      33
      36
      35
      34
      35
      28
      24
      25
      29
      29
      31
      30
      28
      27
      29
      30
      36
      30
      35
      32
      45
      27
      22
      29
      19
      30
      29
      30
      40
      42
      36
      26
      35
      40
      32
      49
      36
      36
      25
      37
      28
      29
      42
      38
      36
      32
      43
      33
      36
      31
      30
      38
      38
      32
      37
      43
      26
      41
      32
      36
      37
      31
      39
      36
      33
      30
      31
      35
      50
      43
      44
      36
      28
      32
      43
      31
      47
      42
      36
      31
      30
      29
      34
      29
      41
      27
      48
      29
      32
      35
      39
      25
      33
      33
      33
      27
      41
      42
      36
      48
      40
      39
      44
      35
      29
      35
      47
      40
      38
      42
      42
      30
      34
      45
      35
      32
      41
      35
      43
      34
      46
      25
      33
      35
      37
      39
      37
      37
      30
      41
      43
      47
      26
      34
      30
      33
      42
      29
      33
      40
      33
      34
      39
      22
      36
      48
      33
      34
      32
      34
      34
      31
      31
      39
      37
      32
      31
      41
      26
      35
      30
      37
      44
      36
      43
      45
      41
      46
      34
      40
      41
      26
      46
      44
      39
      24
      38
      35
      44
      36
      25
      44
      40
      46
      40
      34
      38
      41
      37
      34
      34
      34
      35
      46
      38
      38
      34
      33
      23
      39
      45
      39
      35
      41
      40
      36
      26
      39
      33
      37
      31
      33
      29
      47
      39
      40
      37
      35
      42
      39
      39
      34
      31
      40
      29
      22
      49
      47
      29
      45
      34
      39
      43
      34
      37
      48
      41
      40
      48
      34
      37
      37
      42
      33
      43
      43
      47
      50
      39
      37
      31
      30
      41
      36
      34
      32
      36
      43
      49
      38
      43
      39
      33
      29
      29
      30
      43
      38
      39
      38
      44
      47
      44
      40
      49
      38
      44
      43
      42
      30
      38
      38
      38
      40
      44
      40
      44
      38
      40
      43
      42
      31
      35
      37
      36
      44
      37
      47
      39
      35
      47
      28
      46
      51
      39
      47
      42
      43
      39
      52
      41
      41
      43
      51
      51
      43
      43
      40
      38
      41
      42
      39
      36
      25
      38
      46
      33
      34
      38
      47
      42
      56
      45
      40
      38
      41
      37
      43
      37
      30
      34
      36
      39
      37
      32
      32
      45
      42
      48
      47
      40
      45
      37
      34
      42
      47
      30
      38
      48
      43
      37
      31
      46
      40
      49
      40
      54
      41
      44
      40
      47
      43
      35
      45
      32
      45
      40
      47
      38
      37
      49
      49
      36
      38
      46
      47
      37
      56
      42
      34
      47
      46
      44
      55
      48
      32
      43
      57
      39
      50
      44
      47
      35
      51
      47
      50
      54
      46
      64
      55
      47
      54
      37
      42
      46
      59
      48
      49
      46
      40
      54
      46
      45
      68
      44
      56
      44
      52
      38
      51
      47
      43
      65
      58
      44
      58
      52
      55
      70
      48
      57
      41
      40
      59
      47
      64
      43
      60
      56
      61
      58
      55
      63
      50
      57
      56
      66
      59
      71
      62
      56
      60
      61
      50
      42
      49
      50
      64
      63
      58
      45
      42
      52
      64
      56
      55
      67
      43
      59
      59
      51
      56
      49
      52
      54
      48
      59
      61
      50
      58
      50
      48
      51
      48
      53
      53
      39
      45
      45
      50
      54
      53
      45
      62
      59
      30
      45
      57
      49
      57
      54
      59
      47
      51
      46
      44
      51
      62
      45
      54
      61
      53
      53
      58
      45
      47
      69
      50
      42
      44
      56
      46
      51
      65
      52
      54
      50
      54
      54
      55
      38
      62
      45
      42
      52
      63
      53
      47
      46
      52
      46
      50
      38
      45
      54
      55
      48
      44
      53
      53
      61
      43
      51
      47
      48
      52
      51
      63
      40
      52
      54
      46
      37
      49
      43
      44
      50
      49
      45
      45
      57
      52
      39
      50
      50
      41
      45
      53
      53
      50
      39
      50
      58
      51
      47
      38
      49
      42
      44
      47
      49
      59
      57
      39
      54
      43
      43
      60
      41
      48
      53
      57
      50
      45
      43
      40
      41
      51
      46
      39
      45
      53
      52
      53
      64
      59
      42
      45
      47
      55
      46
      42
      62
      48
      41
      46
      53
      32
      50
      54
      48
      42
      51
      48
      40
      35
      33
      50
      43
      48
      33
      44
      46
      49
      49
      49
      50
      47
      52
      48
      49
      62
      54
      49
      64
      37
      53
      61
      32
      52
      54
      33
      47
      43
      44
      53
      44
      43
      53
      45
      46
      35
      43
      40
      43
      33
      47
      44
      45
      40
      55
      52
      50
      42
      40
      41
      42
      58
      51
      41
      50
      45
      45
      39
      55
      45
      51
      48
      38
      53
      45
      50
      41
      43
      49
      52
      53
      50
      49
      45
      45
      42
      49
      54
      32
      52
      48
      61
      52
      43
      56
      68
      55
      50
      42
      50
      61
      44
      50
      43
      48
      35
      55
      49
      32
      47
      48
      52
      49
      46
      44
      42
      38
      46
      47
      61
      58
      46
      49
      49
      50
      38
      51
      44
      62
      46
      53
      42
      36
      49
      38
      48
      61
      53
      54
      51
      51
      47
      49
      52
      49
      46
      37
      45
      56
      43
      53
      56
      42
      54
      47
      56
      57
      58
      43
      38
      53
      39
      49
      41
      49
      51
      40
      51
      60
      55
      45
      57
      46
      54
      54
      50
      50
      59
      39
      47
      46
      51
      46
      51
      44
      61
      53
      37
      37
      60
      40
      51
      54
      45
      53
      49
      60
      54
      44
      46
      41
      52
      43
      42
      38
      54
      42
      49
      49
      56
      64
      48
      42
      49
      56
      36
      46
      41
      47
      45
      43
      50
      53
      36
      64
      49
      44
      45
      41
      49
      33
      50
      42
      56
      44
      47
      53
      53
      61
      50
      48
      68
      41
      41
      52
      43
      52
      39
      37
      46
      53
      47
      38
      59
      56
      44
      42
      44
      51
      48
      43
      42
      48
      46
      56
      51
      56
      49
      46
      57
      53
      40
      46
      43
      43
      47
      35
      53
      57
      62
      41
      48
      58
      48
      52
      46
      49
      49
      45
      46
      43
      46
      46
      51
      46
      46
      54
      56
      43
      51
      50
      57
      46
      50
      47
      41
      48
      53
      53
      46
      68
      43
      44
      50
      51
      53
      43
      58
      48
      51
      54
      51
      49
      39
      56
      47
      57
      41
      43
      60
      54
      43
      48
      55
      60
      49
      57
      48
      45
      44
      41
      62
      39
      42
      43
      56
      51
      44
      53
      40
      49
      49
      47
      52
      48
      47
      50
      49
      47
      62
      54
      56
      54
      50
      53
      52
      51
      53
      53
      45
      45
      43
      53
      54
      67
      45
      61
      48
      52
      51
      49
      57
      46
      41
      46
      47
      55
      54
      47
      46
      52
      46
      48
      46
      53
      43
      49
      50
      41
      57
      39
      67
      43
      37
      53
      47
      39
      38
      43
      48
      39
      51
      40
      47
      53
      55
      44
      48
      40
      65
      41
      32
      40
      45
      37
      55
      45
      57
      49
      40
      45
      58
      57
      58
      49
      48
      46
      42
      39
      51
      59
      54
      51
      40
      40
      55
      37
      60
      56
      58
      56
      54
      43
      50
      44
      55
      56
      54
      49
      46
      53
      44
      61
      61
      58
      38
      42
      49
      51
      42
      47
      45
      42
      41
      42
      53
      49
      49
      50
      51
      34
      59
      41
      52
      48
      37
      35
      48
      44
      57
      44
      46
      27
      50
      54
      53
      53
      50
      57
      45
      42
      42
      49
      55
      52
      50
      49
      41
      55
      56
      52
      44
      51
      44
      59
      44
      57
      51
      57
      53
      60
      44
      58
      63
      48
      65
      44
      56
      34
      61
      49
      51
      52
      36
      45
      51
      44
      62
      46
      37
      55
      49
      56
      43
      37
      46
      47
      65
      53
      53
      43
      47
      57
      64
      49
      54
      53
      43
      50
      55
      56
      46
      46
      50
      50
      47
      49
      61
      43
      42
      59
      41
      41
      53
      38
      52
      42
      57
      49
      51
      54
      66
      44
      51
      51
      52
      43
      40
      54
      51
      51
      40
      59
      41
      57
      55
      41
      54
      53
      57
      59
      55
      50
      51
      52
      53
      51
      50
      49
      46
      53
      46
      46
      46
      57
      57
      55
      47
      54
      68
      58
      58
      43
      40
      53
      62
      50
      55
      51
      60
      45
      58
      50
      49
      43
      57
      62
      58
      55
      52
      53
      43
      63
      55
      60
      60
      61
      48
      57
      68
      49
      53
      59
      54
      62
      60
      68
      48
      50
      52
      62
      52
      58
      63
      65
      49
      39
      46
      67
      59
      47
      58
      50
      52
      39
      45
      54
      56
      48
      60
      57
      61
      68
      46
      58
      66
      59
      44
      52
      47
      60
      63
      54
      39
      55
      58
      49
      53
      60
      59
      55
      68
      37
      50
      48
      55
      56
      47
      56
      56
      49
      43
      42
      62
      60
      55
      54
      55
      42
      50
      53
      68
      60
      59
      52
      57
      61
      61
      63
      54
      56
      36
      55
      63
      52
      52
      46
      53
      57
      51
      45
      69
      59
      37
      60
      56
      45
      60
      53
      52
      46
      54
      47
      54
      51
      49
      54
      54
      65
      47
      62
      50
      58
      60
      54
      47
      46
      50
      53
      46
      55
      45
      43
      55
      66
      54
      58
      61
      53
      60
      50
      64
      50
      44
      63
      46
      57
      52
      51
      47
      58
      49
      49
      42
      58
      50
      44
      46
      52
      49
      58
      50
      40
      55
      53
      50
      45
      56
      45
      53
      49
      56
      59
      58
      63
      51
      42
      43
      43
      43
      45
      48
      55
      42
      47
      38
      66
      59
      57
      50
      54
      59
      53
      46
      46
      53
      61
      40
      49
      57
      49
      50
      46
      60
      50
      53
      48
      51
      53
      54
      62
      50
      46
      59
      49
      52
      55
      48
      54
      62
      36
      57
      53
      41
      51
      55
      69
      52
      57
      61
      62
      47
      61
      48
      46
      53
      45
      60
      39
      52
      45
      41
      62
      50
      61
      61
      46
      45
      52
      50
      51
      49
      55
      48
      52
      46
      52
      45
      48
      39
      41
      49
      46
      57
      38
      47
      52
      57
      52
      46
      56
      37
      44
      55
      61
      50
      46
      62
      50
      46
      43
      45
      50
      46
      53
      38
      38
      47
      47
      52
      50
      58
      40
      38
      56
      39
      42
      47
      57
      49
      52
      50
      48
      37
      41
      46
      45
      38
      44
      42
      44
      40
      41
      51
      52
      48
      48
      49
      39
      46
      50
      51
      53
      47
      44
      48
      46
      41
      55
      45
      53
      47
      40
      45
      49
      44
      46
      39
      53
      54
      44
      53
      51
      29
      49
      45
      36
      36
      43
      54
      41
      48
      56
      55
      40
      46
      38
      54
      46
      58
      52
      45
      49
      34
      35
      47
      56
      55
      40
      46
      47
      34
      44
      47
      62
      44
      43
      52
      40
      40
      55
      47
      43
      44
      56
      39
      40
      50
      39
      39
      45
      41
      42
      45
      40
      50
      47
      49
      46
      44
      56
      47
      49
      52
      45
      49
      44
      46
      46
      56
      39
      49
      45
      32
      37
      43
      42
      45
      48
      46
      45
      42
      34
      56
      36
      40
      52
      49
      55
      45
      59
      35
      55
      39
      40
      47
      46
      48
      48
      44
      40
      53
      31
      47
      57
      47
      43
      32
      49
      48
      35
      41
      30
      53
      37
      52
      43
      38
      49
      43
      31
      40
      49
      38
      40
      43
      41
      51
      38
      41
      42
      49
      51
      46
      41
      53
      40
      43
      40
      40
      34
      52
      42
      37
      44
      38
      52
      38
      42
      38
      50
      40
      32
      42
      50
      32
      33
      40
      58
      39
      37
      36
      31
      32
      47
      49
      38
      46
      41
      48
      38
      31
      38
      45
      43
      41
      49
      54
      34
      37
      40
      43
      66
      47
      32
      40
      56
      51
      46
      40
      51
      41
      61
      49
      40
      51
      30
      38
      46
      36
      39
      37
      48
      43
      45
      49
      47
      42
      37
      49
      35
      31
      56
      44
      40
      35
      35
      37
      40
      48
      37
      44
      36
      52
      44
      37
      53
      39
      35
      46
      36
      39
      33
      53
      43
      48
      54
      32
      41
      40
      48
      45
      40
      49
      45
      44
      38
      47
      44
      43
      36
      52
      41
      52
       0
       0
       0
       0
       0
       0
       0
       0
       0
       0
       0
       0
       0
       0
       0
       0
       0
       0
       0
       0
       0
       0
       0
       0
       0
       0
       0
       0
       0
       0
       0
       0
$ROI:
0
$PRESETS:
None
0
0
$ENER_FIT:
0.000000 0.376289
$MCA_CAL:
3
0.000000E+000 3.762887E-001 0.000000E+000 keV
$SHAPE_CAL:
3
1.061399E+002 0.000000E+000 0.000000E+000
