$SPEC_ID:
Scatter
$SPEC_REM:
DET# 2
DETDESC# JLAB-9 MCB 136
AP# Maestro Version 7.01
$DATE_MEA:
11/14/2022 15:16:07
$MEAS_TIM:
400 410
$DATA:
0 2047
       0
       0
       0
       0
       0
       0
       0
       0
       0
       0
       0
       0
       0
       0
       0
       0
       0
       0
       0
       0
       0
       0
       0
       0
       0
       0
       0
       0
       0
       0
       0
       0
       0
       0
       0
       0
       0
       0
       0
       0
       0
       0
       0
       0
       0
       0
       0
       0
       0
       0
       0
       0
       0
       0
       0
       0
       0
       0
       0
       0
       0
       6
       7
       5
       5
       3
       4
       5
       4
       5
       6
       8
       5
       5
       3
      13
       1
      12
       5
       5
       8
       2
       1
       6
       3
       5
       3
       7
      10
      12
       6
       5
       3
       5
       3
      10
       1
       5
       6
       5
       6
       7
       7
       8
       7
       9
       9
       5
       5
       6
       2
      11
       5
       8
       9
       9
       1
      11
       6
      11
       7
       4
       7
       9
       4
      11
       4
       8
       4
       6
      10
       5
       6
       8
       9
      10
       4
       6
      13
       8
      10
       9
       7
       2
       7
       6
      10
       7
      11
       8
      15
      10
       9
       5
      10
      12
      10
       4
       5
       3
      10
      10
      10
      10
      14
      12
      10
       8
      11
      12
      11
      10
       7
       8
      15
      13
      11
       4
       9
      11
      10
       9
       9
       5
       7
       7
      17
      12
       9
       9
      12
       8
      12
       9
      13
      12
       8
       9
       9
      12
       8
       7
      10
       7
      11
      12
      10
      12
       5
       5
      10
       8
       3
       6
       9
       6
       9
       5
      10
       7
       8
       7
      11
       1
      12
       8
      10
      10
       5
       6
      18
      11
       9
      10
      12
       9
       4
       8
       7
      10
       9
       8
       7
      11
      12
      11
      14
       7
       8
      10
       8
      12
      12
      11
      13
      10
      12
       9
       9
       9
      12
       6
      15
      14
      15
       7
      16
      11
      16
      11
      13
       9
      11
      10
       3
      10
      11
      12
       7
      13
      15
      12
      11
      11
       8
       9
      16
       9
      12
      13
      14
       5
      18
       9
       9
      17
      14
      10
       6
      13
      10
      14
      15
      22
      13
       7
      19
      16
      14
      14
      13
      14
       8
      15
      20
      12
      12
      13
       8
      14
      14
       8
      16
      17
      13
       9
      14
      18
      14
      16
      13
      14
      11
      16
      15
       9
      15
      12
      10
      14
      11
      11
      14
      11
      12
      15
      15
      18
      13
      21
      10
      16
      17
      19
      15
      21
      15
      21
      19
      19
      27
      25
      24
      18
      21
      20
      21
      28
      14
      16
      15
      11
      14
      14
      16
      33
      24
      22
      21
      23
      26
      17
      20
      28
      25
      20
      23
      21
      22
      19
      18
      27
      17
      32
      25
      21
      31
      20
      17
      29
      27
      23
      28
      24
      26
      28
      23
      25
      23
      32
      23
      28
      22
      17
      23
      15
      24
      19
      21
      27
      20
      29
      18
      14
      16
      11
      21
      22
      22
      15
      15
      14
      19
      16
      11
      16
      20
      20
      12
      19
      20
      26
      11
      16
      19
      21
      11
      15
      16
      25
      23
      11
      13
      10
      20
      18
      20
      19
      16
      16
      16
      12
      15
      16
      15
      16
      18
      18
      17
      21
      11
      12
      16
      21
      22
      19
      19
      10
      16
      12
      11
       8
      27
      18
      17
      24
      11
      20
      14
      14
      22
      18
      18
      14
      22
      12
      22
      20
      13
      18
      14
      15
      24
      12
      28
      21
      17
      23
      10
      25
      12
      12
      25
      12
      14
      18
      14
      14
      17
      22
      15
      19
      17
      13
      15
      12
      16
      15
      17
      11
      19
      11
      12
      17
      16
      17
      13
      14
      10
       7
      13
       9
      14
      15
      13
       9
      12
       9
       5
      16
       8
      10
      11
      10
      15
      14
       9
       8
       9
      13
      10
      11
       7
      17
      11
      10
       6
      10
      13
      16
      14
      13
      13
      10
      14
      15
      12
      11
      13
      15
      14
       8
      12
      13
       8
       9
      10
       7
       9
       7
      14
       9
       7
      20
      11
      10
      20
       8
       8
       6
       8
      18
      10
      11
      11
      15
       9
      20
      10
      13
      13
      14
      13
      12
       9
      12
      16
      10
      15
      13
       7
       8
      11
      11
       9
      13
      13
      13
      15
      10
       6
       9
       8
      13
      11
       4
      11
      13
      10
      13
      12
      10
       7
      16
      10
       4
       9
       7
      11
       8
      14
      13
      16
      13
      11
      15
      14
      15
      16
       6
       9
      17
      13
      22
      11
      10
       9
       9
      12
       9
       9
       9
      12
      10
      10
      16
      12
      17
      10
      11
       8
       6
       5
      15
      10
       9
       9
      12
      11
      11
       9
      12
      13
      13
      10
       6
      11
      14
      14
      16
      10
      14
      11
      11
      10
      15
      12
      19
      12
       4
       7
      13
      10
      13
      16
      15
       9
      13
      12
       9
      12
      12
       9
       5
       9
      14
      14
      11
      11
      14
      12
       6
       9
       7
      10
       6
      12
      10
       7
      10
      17
      10
      11
       4
      10
      16
       9
       7
      12
       6
       7
       8
      10
       9
       8
       1
       8
       9
       7
       3
       8
       4
       5
       9
       7
       3
       6
       8
       3
       4
       3
       9
       7
      10
       7
       8
       5
       8
       6
       5
       8
       5
       4
       3
       3
      10
       6
       6
       7
       8
       5
       7
       8
       8
       6
       5
       4
       2
       8
       5
       7
       7
       3
       3
       5
       6
       6
       9
       7
       4
       4
       7
       2
       4
       5
       4
       2
       6
       3
       8
       6
       2
       6
       3
       5
       3
       5
       4
      12
       2
       7
      11
       1
       6
       2
       2
       7
       3
       9
       5
       2
       5
       3
       0
       5
       4
       9
       3
       4
       4
       9
       2
       5
       3
       6
       1
       4
       8
       4
       2
       3
       6
       8
       3
       2
       7
       4
       2
       3
       3
       5
       5
       6
       2
       2
       6
       4
       7
       1
       9
       3
       7
       7
       4
       7
      10
       3
       1
       1
       4
       3
       3
       5
       3
       5
       2
       5
       3
       4
       8
       3
       5
       1
       1
       4
       2
       3
       2
       1
       4
       7
       6
       5
       3
       7
       4
       6
       2
       2
       2
       2
       9
       0
       8
       3
       6
       4
       9
       3
       7
       7
       5
       2
       6
       1
       6
       3
       5
       3
       1
       3
       6
       2
       6
       8
       2
       9
       4
       6
       6
       8
       2
       8
       3
       2
       7
       7
       4
       5
       2
      13
       3
       3
       3
       6
       7
      10
       6
       0
       6
       4
       4
       1
       5
       9
       9
       8
       8
      10
       6
       5
       7
       4
       5
       5
       7
       5
       6
       4
       3
       3
       6
       5
       4
       3
       8
       9
       3
       3
       4
       3
       6
       6
       8
       3
       8
       8
       3
       3
       7
       8
       7
       5
       4
       4
       6
       8
       8
      11
      11
      11
      10
       3
       6
       2
      12
       7
      13
      18
      16
      10
      14
      11
      14
       5
      18
      13
      14
      18
      16
      14
      12
      13
      14
      18
      15
      18
      19
      26
      21
      20
      23
      21
      15
      23
      24
      17
      12
      15
      29
      18
      29
      17
      27
      34
      31
      39
      37
      37
      38
      36
      26
      25
      47
      31
      43
      36
      50
      64
      41
      34
      43
      47
      44
      48
      47
      50
      58
      55
      61
      50
      47
      46
      50
      45
      56
      55
      46
      42
      55
      59
      45
      50
      61
      52
      56
      56
      46
      47
      50
      54
      48
      44
      49
      64
      43
      47
      48
      53
      60
      54
      55
      46
      47
      46
      64
      45
      44
      36
      49
      41
      48
      39
      39
      51
      51
      38
      37
      35
      35
      41
      31
      35
      33
      30
      34
      23
      33
      28
      25
      30
      18
      18
      20
      17
      19
      23
      18
      18
      29
      14
      16
      18
      11
      15
      13
      11
      11
       8
      11
       5
      12
      10
       7
      11
       7
       7
       3
       5
       6
      10
       3
       3
       3
       3
       4
       4
       6
       4
       4
       5
       2
       3
       3
       1
       5
       2
       4
       6
       3
       2
       2
       2
       3
       0
       3
       1
       1
       2
       2
       2
       3
       3
       1
       1
       3
       2
       2
       4
       2
       2
       1
       2
       2
       2
       3
       2
       0
       0
       2
       1
       0
       5
       0
       3
       1
       2
       1
       3
       5
       4
       1
       4
       2
       2
       4
       0
       2
       1
       0
       1
       1
       1
       2
       2
       4
       3
       2
       0
       2
       3
       0
       3
       3
       2
       6
       0
       2
       1
       1
       2
       0
       0
       1
       0
       2
       1
       1
       0
       1
       3
       3
       5
       0
       2
       1
       2
       1
       1
       1
       0
       1
       1
       2
       1
       1
       1
       2
       7
       1
       4
       4
       2
       0
       1
       2
       0
       1
       1
       0
       2
       0
       3
       2
       1
       0
       2
       3
       1
       2
       0
       0
       0
       0
       1
       2
       3
       3
       1
       1
       1
       2
       1
       3
       2
       0
       2
       0
       3
       0
       2
       2
       1
       1
       1
       3
       4
       2
       4
       1
       3
       2
       1
       2
       1
       2
       0
       1
       3
       2
       1
       1
       1
       2
       2
       1
       0
       0
       5
       3
       2
       1
       3
       0
       0
       3
       2
       1
       2
       1
       1
       2
       3
       2
       1
       1
       4
       0
       3
       4
       2
       1
       3
       1
       3
       2
       3
       2
       3
       1
       4
       2
       2
       3
       2
       0
       3
       1
       1
       0
       1
       1
       3
       1
       3
       2
       2
       2
       4
       3
       1
       0
       3
       2
       0
       2
       0
       0
       1
       5
       4
       0
       1
       1
       5
       3
       2
       2
       0
       0
       1
       0
       0
       1
       0
       4
       1
       1
       2
       3
       2
       3
       0
       2
       3
       1
       0
       1
       1
       0
       1
       1
       1
       1
       2
       0
       3
       1
       3
       4
       2
       0
       3
       2
       0
       3
       0
       0
       1
       1
       2
       0
       2
       0
       1
       2
       2
       2
       0
       1
       0
       3
       2
       1
       3
       4
       2
       0
       0
       0
       2
       1
       1
       2
       4
       2
       4
       5
       3
       0
       1
       0
       1
       1
       3
       0
       5
       0
       1
       3
       1
       1
       2
       0
       1
       3
       3
       1
       5
       3
       3
       0
       3
       1
       4
       4
       1
       4
       6
       4
       0
       3
       0
       1
       0
       0
       2
       2
       0
       4
       2
       1
       2
       1
       4
       1
       1
       1
       1
       2
       1
       1
       1
       1
       1
       1
       0
       1
       2
       1
       1
       2
       1
       1
       1
       2
       0
       1
       2
       1
       1
       1
       1
       2
       1
       3
       2
       3
       3
       4
       3
       0
       1
       1
       1
       2
       1
       1
       0
       1
       0
       1
       4
       0
       1
       3
       0
       2
       0
       0
       2
       0
       2
       4
       0
       3
       0
       0
       1
       0
       2
       2
       2
       1
       1
       2
       3
       0
       3
       0
       1
       4
       1
       2
       1
       5
       2
       0
       0
       0
       2
       3
       3
       0
       1
       1
       0
       2
       1
       5
       2
       3
       1
       5
       2
       0
       2
       2
       3
       0
       3
       1
       5
       1
       0
       2
       2
       1
       2
       1
       3
       3
       2
       0
       2
       4
       0
       1
       2
       1
       2
       2
       1
       0
       1
       0
       1
       1
       1
       3
       3
       3
       2
       0
       1
       0
       1
       2
       2
       1
       2
       1
       0
       2
       3
       2
       2
       2
       1
       2
       2
       3
       2
       0
       5
       0
       1
       0
       2
       3
       1
       1
       2
       1
       3
       2
       1
       4
       1
       3
       0
       4
       3
       3
       1
       0
       0
       1
       1
       0
       0
       2
       2
       1
       1
       2
       4
       3
       3
       1
       2
       3
       3
       0
       0
       1
       0
       1
       0
       1
       1
       1
       2
       0
       1
       2
       1
       1
       1
       2
       3
       0
       2
       1
       3
       3
       0
       3
       1
       2
       2
       1
       4
       0
       5
       0
       0
       1
       4
       2
       2
       1
       1
       1
       5
       3
       5
       1
       1
       1
       2
       1
       1
       2
       2
       1
       2
       0
       0
       0
       0
       2
       3
       1
       2
       3
       1
       1
       2
       2
       0
       2
       0
       2
       3
       1
       2
       0
       2
       1
       1
       2
       2
       2
       1
       1
       3
       2
       3
       1
       3
       1
       1
       2
       0
       3
       0
       1
       3
       2
       1
       2
       3
       2
       1
       1
       1
       0
       0
       2
       0
       2
       0
       3
       2
       2
       2
       0
       1
       3
       2
       2
       3
       2
       4
       3
       1
       2
       0
       1
       2
       2
       0
       4
       1
       2
       0
       1
       3
       1
       0
       2
       0
       0
       2
       0
       6
       7
       1
       5
       5
       2
       4
       6
       3
       2
       1
       3
       1
       1
       2
       0
       0
       3
       1
       0
       0
       1
       3
       1
       3
       3
       1
       1
       1
       0
       1
       1
       2
       1
       0
       4
       3
       1
       2
       2
       3
       4
       1
       2
       3
       1
       3
       2
       4
       1
       0
       1
       2
       2
       4
       4
       1
       2
       2
       3
       0
       2
       2
       2
       0
       3
       1
       2
       3
       1
       3
       1
       2
       4
       0
       2
       1
       1
       0
       1
       2
       0
       2
       0
       0
       2
       3
       1
       1
       1
       2
       0
       2
       4
       2
       1
       2
       2
       0
       3
       2
       1
       1
       1
       1
       4
       0
       4
       2
       0
       3
       0
       1
       4
       2
       0
       0
       2
       2
       2
       0
       0
       0
       0
       0
       0
       0
       0
       0
       0
       0
       0
       0
       0
       0
       0
       0
       0
       0
       0
       0
       0
       0
       0
       0
       0
       0
       0
       0
       0
       0
       0
$ROI:
0
$PRESETS:
None
0
0
$ENER_FIT:
0.000000 0.376604
$MCA_CAL:
3
0.000000E+000 3.766040E-001 0.000000E+000 keV
$SHAPE_CAL:
3
9.515098E+001 0.000000E+000 0.000000E+000
