$SPEC_ID:
Target
$SPEC_REM:
DET# 1
DETDESC# JLAB-9 MCB 135
AP# Maestro Version 7.01
$DATE_MEA:
11/14/2022 15:15:50
$MEAS_TIM:
397 410
$DATA:
0 2047
       0
       0
       0
       0
       0
       0
       0
       0
       0
       0
       0
       0
       0
       0
       0
       0
       0
       0
       0
       0
       0
       0
       0
       0
       0
       0
       0
       0
       0
       0
       0
       0
       0
       0
       0
       0
       0
       0
       0
       0
       0
       0
       0
       0
       0
       0
       0
       0
       0
       0
       0
       0
       0
       0
       0
       0
       0
       0
       0
       0
       3
       1
       2
       3
       3
       4
       1
       3
       1
       1
       2
       1
       0
       3
       4
       2
       2
       4
       0
       1
       2
       0
       1
       3
       1
       2
       1
       2
       1
       2
       1
       1
       1
       1
       1
       4
       1
       1
       3
       3
       1
       0
       1
       4
       1
       0
       4
       1
       1
       1
       1
       4
       3
       3
       3
       1
       1
       2
       2
       2
       3
       2
       4
       1
       3
       2
       4
       2
       4
       1
       2
       3
       2
       1
       4
       1
       4
       2
       4
       4
       1
       2
       3
       4
       7
       9
       4
       7
       6
       5
       5
       3
       2
       0
       5
       6
       7
       8
       5
       3
       4
       8
       4
       5
       2
       6
       4
       6
       3
       4
       3
       5
       5
       6
       8
       8
       3
       5
       6
       5
       6
       4
       4
       6
       8
       7
       4
      11
       6
       2
       6
       5
       8
       5
       5
       4
      10
       5
       2
       4
       7
      10
       8
       8
       6
       5
       5
       5
       9
       8
      12
       9
      11
       3
       5
      11
       3
      14
       6
       6
      12
      11
       8
      10
       9
       9
      13
      14
      15
      12
       9
      15
      13
      11
       8
      10
       8
       9
      13
      10
       9
      19
      12
       8
      13
      11
       8
      16
      12
      10
      12
       8
       9
       6
      12
      13
      13
      17
      10
      11
       9
      15
      10
      16
      14
      13
      10
      14
      12
      13
      10
      15
      17
       8
      21
      15
      14
      20
      13
      21
      19
      15
      11
      23
      13
      20
      20
      11
      16
      19
      23
      16
      21
      23
      22
      18
      21
      21
      20
      19
      24
      22
      22
      23
      30
      21
      24
      30
      30
      23
      35
      30
      33
      26
      34
      32
      28
      27
      38
      25
      34
      35
      34
      36
      17
      28
      21
      33
      38
      31
      29
      36
      37
      36
      27
      29
      39
      34
      34
      41
      29
      40
      26
      40
      27
      38
      27
      39
      36
      27
      31
      39
      33
      31
      28
      37
      32
      33
      38
      22
      30
      31
      29
      34
      22
      41
      27
      34
      30
      30
      35
      24
      18
      23
      48
      32
      29
      37
      26
      32
      34
      34
      32
      29
      25
      36
      19
      26
      28
      34
      22
      23
      32
      35
      20
      22
      23
      34
      31
      28
      32
      26
      17
      29
      29
      24
      34
      33
      30
      33
      26
      30
      26
      27
      25
      32
      31
      28
      25
      18
      27
      28
      17
      20
      23
      25
      15
      33
      19
      23
      34
      22
      28
      25
      15
      18
      19
      19
      32
      21
      27
      27
      24
      31
      23
      21
      16
      21
      31
      28
      30
      26
      18
      22
      28
      24
      27
      24
      31
      13
      17
      15
      30
      16
      14
      35
      22
      22
      24
      24
      14
      15
      20
      16
      16
      20
      17
      11
      18
      16
      28
      25
      20
      24
      18
      13
      20
      15
      18
      21
      20
      19
      13
      18
      20
      18
      22
      16
      16
      20
      16
      14
      24
      20
      20
      25
      26
      19
      18
      23
      21
      19
      21
      21
      28
      20
      22
      19
      21
      18
      20
      20
      21
      15
      21
      17
      20
      18
      27
      12
      23
      17
      30
      19
      14
      22
      20
      15
      20
      23
      17
      19
      14
      17
      14
      17
      19
      19
      24
      29
      22
      20
      26
      13
      19
      24
      25
      20
      32
      23
      21
      14
      22
      23
      16
      17
      23
      29
      22
      17
      14
      18
      12
      15
      22
      20
      21
      23
      25
      20
      18
      18
      29
      17
      13
      20
      15
      23
      17
      14
      22
      17
      16
      18
      19
      15
      14
      19
      21
      16
      11
      19
      17
      15
      17
      10
       8
      10
      14
       7
      14
      16
      12
      13
      11
       8
      11
       9
      14
      15
      10
      10
      16
      11
      15
       7
       7
      13
       4
      11
       7
       9
      10
      13
      12
      12
       4
      10
      10
      16
       8
       9
      11
       7
       8
      14
      16
       7
      10
      10
       9
       8
       9
       7
       9
      11
      13
       7
      13
       6
      11
      11
       8
       7
       8
      13
       4
       7
       5
       9
       7
      16
      14
       7
       8
       7
      13
       9
       9
       5
       7
       8
       5
       5
       5
       5
      10
       6
       5
       6
      10
       6
       2
       9
       7
       6
       7
       5
       8
       7
       5
       9
       8
       9
       4
      12
      10
       7
       5
       8
       7
      10
       7
      12
       8
       5
       4
       6
       6
       5
      12
       6
       8
       6
      11
       7
       5
      11
       3
      10
      12
       8
       7
       5
       9
       5
       9
       8
       8
      10
      13
       6
       6
      10
       9
       8
       7
       6
       6
      14
      10
      14
       5
       5
       9
       5
       7
       5
       4
       8
       8
       8
      10
       7
       9
      10
       6
       6
      11
       8
       8
       7
       7
       8
      10
       9
       9
       9
      11
      11
       7
       4
      13
       5
       6
       6
       8
       5
      12
       5
      16
      13
       2
       7
       7
       4
       7
      10
       7
       9
      10
       4
      10
      10
      12
      12
      10
       7
       7
      10
      10
       5
       8
       6
       8
       7
       9
       7
       5
       8
      14
       6
      10
      10
       6
      11
       6
      15
      18
      13
       8
      15
      11
      17
      14
      15
      13
      14
      17
      17
      18
      12
      11
      18
      13
      20
      28
      17
      21
      13
      33
      27
      19
      21
      18
      33
      20
      28
      32
      27
      27
      34
      39
      38
      29
      47
      30
      34
      35
      39
      37
      33
      31
      59
      39
      51
      48
      41
      42
      48
      37
      43
      44
      44
      35
      51
      51
      46
      45
      46
      57
      39
      35
      42
      51
      36
      44
      48
      50
      54
      42
      38
      48
      45
      44
      51
      44
      40
      53
      43
      47
      39
      37
      38
      38
      33
      34
      37
      46
      34
      39
      40
      36
      40
      35
      25
      27
      24
      19
      24
      17
      22
      29
      29
      30
      18
      21
      15
      22
      18
      22
      26
      18
      15
      13
      15
      13
      15
       8
       9
      11
      13
       9
      11
       7
      10
      13
      10
       5
       8
       6
       7
       6
       5
       3
       4
       8
       6
       1
       1
       3
       6
       3
       5
       4
       4
       4
       2
       1
       4
       5
       4
       1
       2
       7
       5
       2
       4
       4
       2
       2
       3
       3
       3
       3
       1
       3
       2
       3
       2
       5
       0
       3
       2
       3
       4
       4
       3
       5
       3
       2
       2
       4
       0
       5
       2
       0
       1
       1
       1
       0
       4
       2
       1
       1
       4
       5
       5
       4
       3
       1
       2
       1
       3
       1
       2
       2
       5
       0
       3
       3
       2
       4
       2
       5
       2
       5
       4
       5
       1
       1
       2
       3
       4
       5
       0
       3
       2
       1
       1
       2
       6
       3
       2
       1
       3
       2
       1
       3
       0
       4
       1
       1
       3
       1
       3
       2
       1
       3
       0
       7
       4
       1
       4
       4
       0
       1
       1
       5
       2
       2
       3
       0
       1
       6
       1
       2
       0
       2
       0
       0
       2
       3
       2
       2
       2
       3
       2
       1
       2
       3
       2
       2
       0
       1
       2
       5
       3
       0
       3
       3
       3
       2
       3
       2
       0
       3
       2
       4
       2
       5
       2
       2
       2
       2
       4
       1
       2
       6
       2
       4
       2
       4
       2
       0
       3
       4
       4
       3
       3
       3
       1
       1
       4
       3
       2
       2
       1
       3
       6
       4
       2
       4
       1
       3
       2
       1
       3
       2
       1
       3
       4
       3
       2
       6
       0
       2
       6
       2
       2
       0
       4
       1
       4
       1
       2
       1
       3
       0
       1
       3
       3
       1
       5
       4
       4
       4
       1
       5
       1
       3
       3
       0
       6
       4
       2
       4
       4
       1
       2
       1
       1
       3
       2
       2
       2
       1
       0
       4
       7
       4
       6
       2
       3
       1
       2
       3
       1
       6
       4
       2
       2
       2
       1
       3
       2
       2
       1
       3
       1
       1
       2
       2
       3
       5
       3
       2
       3
       4
       5
       5
       2
       4
       3
       4
       3
       2
       7
       1
       1
       3
       0
       4
       4
       1
       3
       3
       3
       7
       3
       0
       1
       1
       3
       3
       2
       2
       2
       2
       2
       0
       0
       2
       1
       3
       3
       2
       2
       1
       3
       1
       4
       3
       4
       4
       2
       1
       3
       0
       1
       4
       1
       2
       1
       4
       2
       3
       1
       3
       1
       0
       2
       1
       1
       3
       3
       6
       6
       1
       3
       3
       2
       4
       2
       3
       3
       1
       4
       1
       5
       3
       1
       2
       2
       1
       2
       3
       2
       3
       3
       6
       3
       3
       4
       4
       3
       3
       1
       5
       1
       5
       4
       2
       2
       4
       3
       2
       3
       1
       3
       2
       3
       2
       6
       5
       1
       3
       2
       3
       3
       2
       4
       2
       4
       1
       2
       3
       2
       3
       1
       1
       1
       4
       2
       3
       3
       5
       4
       4
       3
       3
       9
       2
       1
       7
       4
       3
       0
       1
       2
       5
       3
       2
       1
       5
       1
       3
       1
       4
       1
       4
       3
       3
       0
       2
       2
       0
       4
       4
       2
       5
       2
       1
       4
       4
       1
       4
       0
       5
       4
       6
       3
       3
       1
       3
       3
       3
       0
       2
       2
       3
       3
       3
       1
       1
       4
       6
       3
       5
       3
       4
       2
       1
       3
       2
       2
       1
       2
       1
       4
       4
       4
       4
       1
       0
       2
       2
       2
       7
       2
       3
       0
       5
       7
       4
       1
       3
       3
       3
       3
       3
       7
       5
       4
       7
       4
       4
       3
       2
       0
       1
       2
       3
       5
       4
       2
       6
       3
       2
       0
       3
       6
       6
       3
       4
       6
       3
       2
       2
       1
       2
       2
       3
       2
       4
       3
       2
       4
       5
       4
       1
       3
       1
       3
       2
       2
       0
       1
       3
       1
       1
       6
       4
       1
       4
       5
       1
       1
       1
       2
       4
       3
       1
       1
       5
       1
       1
       2
       2
       2
       4
       2
       3
       1
       5
       2
       3
       1
       3
       1
       4
       1
       1
       3
       5
       4
       3
       2
       1
       1
       0
       5
       2
       2
       3
       2
       7
       1
       1
       1
       6
       5
       3
       3
       3
       2
       1
       1
       4
       1
       4
       3
       2
       2
       2
       3
       3
       6
       4
       0
       6
       2
       2
       3
       3
       3
       3
       2
       3
       6
       2
       3
       3
       3
       1
       5
       4
       3
       2
       4
       9
       3
       3
       1
       3
       4
       1
       1
       7
       4
       5
       3
       2
       5
       2
       2
       4
       2
       3
       4
       1
       2
       4
       2
       4
       8
       4
       4
       3
       2
       5
       8
       2
       7
       8
       5
       2
       3
       6
       6
       2
       7
       7
       4
       2
       2
       6
       4
       3
       3
       5
       8
       3
       6
       5
       3
       4
       3
       3
       5
       2
       7
       4
       4
       7
       2
       5
       4
       4
       8
       3
       8
       5
       4
       0
       3
       3
       6
       4
       7
       4
       0
       3
       3
       3
       6
       1
       2
       2
      11
       5
       4
       1
       2
       2
       9
       4
       4
       9
       4
       4
       2
       1
       9
       1
       4
       5
       5
       5
       2
       2
       3
       2
       1
       6
       3
       3
       2
       4
       3
       2
       3
       4
       4
       6
       2
       5
       4
       3
       2
       6
       3
       2
       0
       3
       3
       3
       1
       4
       2
       3
       2
       3
       3
       2
       8
       4
       6
       6
       2
       2
       4
       2
       3
       5
       3
       2
       3
       1
       0
       0
       5
       3
       3
       4
       6
       3
       6
       0
       3
       5
       0
       2
       1
       3
       2
       4
       4
       3
       4
       0
       1
       4
       2
       0
       1
       1
       1
       2
       3
       2
       0
       4
       2
       1
       2
       0
       0
       2
       2
       0
       1
       1
       0
       1
       0
       2
       3
       1
       2
       0
       1
       0
       1
       1
       1
       3
       1
       2
       1
       1
       2
       1
       1
       2
       1
       1
       1
       1
       3
       1
       1
       0
       2
       1
       0
       0
       1
       1
       2
       0
       1
       1
       1
       1
       1
       2
       1
       1
       1
       0
       2
       2
       2
       0
       0
       2
       0
       0
       1
       1
       0
       1
       1
       1
       0
       1
       0
       0
       0
       0
       0
       1
       0
       1
       0
       2
       0
       0
       0
       0
       1
       0
       0
       0
       0
       1
       0
       0
       2
       0
       1
       0
       0
       1
       1
       0
       0
       2
       0
       0
       1
       0
       0
       1
       2
       0
       1
       0
       0
       0
       0
       0
       1
       0
       0
       1
       1
       0
       0
       0
       0
       0
       0
       1
       0
       0
       0
       0
       0
       1
       0
       2
       2
       0
       1
       0
       0
       0
       0
       1
       3
       0
       0
       1
       0
       0
       2
       1
       0
       1
       0
       0
       0
       0
       0
       1
       0
       0
       1
       0
       0
       1
       0
       0
       1
       0
       1
       0
       1
       0
       2
       0
       0
       0
       1
       2
       0
       1
       1
       0
       0
       2
       2
       0
       0
       0
       1
       0
       0
       2
       0
       0
       3
       1
       1
       0
       0
       0
       0
       0
       0
       0
       0
       0
       0
       0
       0
       0
       0
       0
       0
       0
       0
       0
       0
       0
       0
       0
       0
       0
       0
       0
       0
       0
       0
       0
       0
$ROI:
0
$PRESETS:
None
0
0
$ENER_FIT:
0.000000 0.376289
$MCA_CAL:
3
0.000000E+000 3.762887E-001 0.000000E+000 keV
$SHAPE_CAL:
3
1.061399E+002 0.000000E+000 0.000000E+000
