$SPEC_ID:
Scatter
$SPEC_REM:
DET# 2
DETDESC# JLAB-9 MCB 136
AP# Maestro Version 7.01
$DATE_MEA:
11/18/2022 13:10:11
$MEAS_TIM:
200 205
$DATA:
0 2047
       0
       0
       0
       0
       0
       0
       0
       0
       0
       0
       0
       0
       0
       0
       0
       0
       0
       0
       0
       0
       0
       0
       0
       0
       0
       0
       0
       0
       0
       0
       0
       0
       0
       0
       0
       0
       0
       0
       0
       0
       0
       0
       0
       0
       0
       0
       0
       0
       0
       0
       0
       0
       0
       0
       0
       0
       0
       0
       0
       0
       0
       0
       0
       0
       0
       0
       0
       0
       0
       0
       0
       0
       0
       0
       0
       0
       0
       0
       0
       0
       0
      40
     134
     135
     134
     151
     140
     148
     145
     149
     152
     137
     148
     172
     159
     138
     151
     120
     151
     136
     146
     144
     151
     137
     149
     148
     174
     152
     149
     160
     160
     152
     133
     150
     142
     150
     159
     160
     162
     146
     139
     174
     124
     165
     161
     169
     181
     145
     159
     181
     162
     148
     145
     120
     169
     137
     161
     149
     165
     144
     163
     157
     147
     179
     150
     153
     157
     158
     148
     176
     169
     155
     173
     165
     150
     180
     186
     161
     176
     181
     161
     163
     211
     161
     188
     172
     159
     182
     185
     220
     160
     177
     189
     205
     188
     185
     173
     205
     198
     192
     181
     192
     188
     205
     205
     195
     211
     204
     207
     209
     264
     222
     190
     243
     213
     239
     232
     205
     208
     233
     219
     249
     253
     212
     210
     240
     242
     256
     220
     205
     240
     219
     214
     201
     209
     222
     223
     238
     232
     214
     237
     218
     237
     215
     242
     241
     208
     244
     197
     238
     215
     234
     252
     239
     217
     205
     212
     214
     216
     235
     222
     225
     222
     192
     219
     214
     226
     202
     228
     234
     211
     213
     236
     214
     216
     221
     209
     225
     208
     192
     182
     223
     206
     209
     226
     209
     243
     214
     206
     218
     223
     209
     212
     210
     210
     229
     222
     215
     221
     210
     238
     194
     211
     219
     213
     246
     209
     225
     218
     239
     226
     245
     229
     221
     220
     249
     223
     245
     223
     232
     201
     232
     225
     225
     198
     239
     224
     217
     257
     240
     223
     222
     239
     221
     202
     230
     220
     237
     231
     218
     216
     212
     238
     198
     213
     228
     202
     213
     232
     210
     215
     236
     260
     198
     254
     201
     212
     219
     226
     235
     214
     230
     235
     225
     224
     215
     217
     191
     229
     245
     239
     248
     223
     218
     210
     205
     258
     227
     233
     220
     222
     219
     232
     225
     234
     239
     220
     230
     236
     235
     224
     238
     203
     205
     211
     229
     235
     210
     247
     193
     230
     204
     204
     234
     223
     232
     227
     234
     207
     235
     220
     224
     205
     222
     218
     204
     231
     214
     240
     204
     216
     246
     204
     227
     211
     195
     221
     199
     239
     219
     208
     205
     230
     237
     218
     229
     207
     214
     213
     234
     222
     225
     213
     218
     231
     212
     215
     223
     242
     241
     253
     207
     250
     222
     219
     207
     240
     239
     236
     215
     211
     214
     221
     225
     204
     235
     242
     260
     246
     242
     215
     211
     237
     227
     234
     236
     216
     231
     219
     234
     214
     268
     245
     284
     200
     265
     247
     259
     240
     283
     260
     286
     254
     259
     259
     258
     239
     238
     259
     262
     272
     256
     245
     241
     267
     254
     291
     253
     259
     267
     250
     241
     268
     281
     272
     270
     258
     262
     264
     267
     257
     250
     262
     243
     256
     253
     255
     282
     254
     251
     247
     249
     270
     261
     218
     267
     264
     247
     241
     231
     235
     281
     220
     262
     270
     264
     250
     245
     228
     248
     238
     239
     216
     235
     256
     269
     212
     243
     239
     249
     226
     228
     252
     259
     235
     246
     224
     228
     255
     233
     238
     229
     247
     227
     235
     216
     223
     224
     230
     248
     231
     252
     219
     239
     231
     231
     244
     226
     229
     247
     223
     241
     225
     221
     259
     266
     215
     215
     206
     204
     225
     236
     210
     212
     193
     187
     205
     212
     212
     202
     207
     213
     199
     221
     185
     225
     207
     188
     206
     215
     218
     198
     217
     232
     189
     207
     196
     221
     226
     199
     221
     200
     224
     234
     201
     211
     207
     202
     201
     196
     225
     221
     187
     215
     197
     188
     209
     229
     183
     214
     185
     193
     200
     209
     198
     216
     194
     207
     197
     206
     153
     183
     187
     204
     193
     194
     183
     196
     200
     182
     187
     182
     215
     171
     190
     200
     190
     194
     187
     198
     191
     178
     173
     180
     198
     175
     208
     206
     195
     159
     192
     194
     167
     186
     193
     184
     163
     168
     187
     190
     193
     183
     200
     181
     177
     181
     216
     199
     181
     176
     176
     206
     199
     179
     193
     145
     182
     188
     164
     188
     193
     173
     213
     179
     178
     159
     183
     190
     199
     187
     178
     206
     190
     194
     190
     190
     166
     177
     180
     195
     162
     160
     182
     192
     194
     185
     188
     187
     163
     195
     177
     198
     177
     173
     183
     169
     188
     208
     169
     175
     176
     182
     172
     165
     182
     187
     183
     196
     181
     162
     149
     161
     179
     177
     189
     186
     176
     175
     165
     163
     176
     176
     158
     212
     177
     164
     183
     171
     159
     168
     144
     167
     177
     159
     172
     164
     184
     196
     175
     172
     180
     163
     180
     184
     173
     174
     174
     162
     170
     173
     169
     166
     168
     168
     164
     213
     178
     171
     168
     164
     182
     171
     133
     173
     171
     185
     175
     195
     171
     209
     178
     160
     176
     168
     179
     177
     165
     186
     164
     166
     162
     165
     154
     166
     185
     171
     172
     168
     196
     148
     176
     163
     152
     153
     192
     172
     158
     158
     158
     195
     196
     173
     164
     166
     161
     166
     166
     165
     185
     151
     174
     192
     182
     164
     170
     170
     165
     192
     171
     159
     173
     165
     174
     170
     151
     176
     164
     150
     170
     149
     157
     173
     166
     167
     153
     182
     161
     158
     154
     195
     166
     169
     171
     157
     148
     166
     176
     167
     165
     193
     171
     167
     186
     173
     174
     157
     158
     160
     180
     157
     160
     162
     158
     167
     171
     183
     151
     176
     176
     166
     168
     142
     184
     168
     158
     149
     177
     162
     180
     174
     153
     149
     148
     156
     171
     182
     174
     180
     166
     159
     188
     184
     146
     181
     166
     189
     146
     170
     151
     165
     144
     166
     178
     159
     141
     186
     162
     150
     161
     155
     167
     149
     156
     153
     168
     181
     161
     163
     157
     168
     168
     179
     193
     152
     183
     153
     174
     136
     153
     187
     172
     156
     173
     185
     193
     181
     186
     147
     199
     161
     155
     194
     138
     158
     152
     173
     143
     167
     159
     163
     158
     163
     185
     154
     154
     168
     178
     163
     145
     190
     190
     174
     175
     161
     182
     179
     170
     172
     173
     177
     166
     176
     166
     164
     142
     163
     190
     190
     191
     167
     193
     175
     167
     151
     176
     177
     175
     165
     178
     174
     159
     172
     154
     165
     169
     177
     172
     181
     163
     197
     178
     187
     176
     160
     175
     186
     168
     150
     161
     171
     182
     175
     176
     170
     170
     163
     170
     163
     188
     184
     166
     146
     174
     189
     176
     159
     162
     185
     166
     179
     150
     168
     175
     191
     162
     162
     172
     175
     180
     175
     196
     173
     184
     193
     157
     169
     182
     185
     168
     159
     150
     156
     173
     164
     180
     171
     152
     158
     170
     151
     168
     160
     182
     153
     158
     152
     153
     172
     166
     149
     149
     168
     157
     151
     161
     154
     178
     151
     156
     152
     175
     158
     156
     137
     135
     138
     144
     145
     126
     148
     142
     140
     138
     149
     127
     137
     143
     146
     133
     137
     137
     135
     147
     134
     115
     136
     128
     122
     117
     108
     114
     120
     110
     105
     130
     116
     135
     103
     104
     114
     117
     112
     121
     109
      91
     115
      98
     122
     102
     100
      96
     119
      99
     108
     109
     107
     104
      81
     102
      86
     116
      80
      93
     105
     104
      83
      81
     109
      78
      89
      78
      82
      96
      82
      79
      78
      86
      82
      91
      80
      89
      89
      90
      91
      88
      79
      77
      77
      87
      81
      74
      93
      72
      83
      91
      75
      74
      72
      87
      84
      76
      70
      73
      78
      67
      80
      79
      81
      65
      61
      67
      80
      72
      78
      78
      72
      75
      80
      60
      47
      66
      74
      63
      60
      86
      59
      66
      61
      77
      55
      62
      62
      63
      67
      67
      64
      56
      68
      68
      73
      57
      56
      62
      60
      54
      67
      62
      57
      77
      53
      72
      62
      73
      62
      62
      56
      66
      60
      64
      59
      46
      54
      54
      59
      48
      61
      59
      54
      40
      42
      59
      60
      52
      65
      64
      57
      47
      63
      57
      54
      59
      58
      57
      58
      49
      56
      55
      67
      56
      46
      65
      57
      50
      56
      38
      62
      46
      53
      60
      52
      59
      49
      71
      50
      38
      46
      61
      49
      51
      47
      51
      55
      48
      56
      49
      47
      58
      43
      56
      57
      64
      53
      45
      57
      58
      49
      56
      42
      51
      57
      39
      52
      51
      76
      46
      52
      38
      46
      50
      45
      56
      58
      61
      58
      50
      58
      46
      43
      42
      52
      44
      55
      40
      43
      52
      41
      56
      61
      49
      50
      50
      44
      56
      54
      59
      55
      46
      49
      52
      56
      62
      62
      41
      53
      40
      69
      50
      39
      50
      60
      56
      55
      57
      54
      46
      63
      52
      41
      61
      55
      52
      48
      54
      62
      58
      48
      54
      56
      56
      63
      62
      54
      68
      56
      48
      52
      54
      54
      66
      51
      57
      59
      58
      63
      50
      39
      57
      45
      58
      62
      44
      50
      53
      68
      56
      57
      51
      51
      68
      51
      55
      56
      71
      58
      74
      65
      67
      50
      61
      66
      51
      68
      62
      71
      57
      70
      59
      68
      72
      55
      76
      82
      50
      74
      69
      51
      68
      73
      64
      72
      63
      71
      63
      66
      70
      74
      80
      85
      87
      63
      77
      83
      81
      86
      66
      70
     106
      92
     103
      97
      95
      79
     103
      88
     119
     114
     108
      85
      90
     112
     110
     102
     103
     116
     135
     117
     137
     117
     161
     140
     127
     138
     127
     155
     152
     150
     152
     165
     183
     162
     190
     161
     166
     205
     225
     225
     220
     188
     235
     226
     249
     226
     279
     230
     269
     287
     235
     284
     298
     276
     298
     308
     292
     341
     337
     354
     346
     325
     367
     361
     392
     405
     422
     423
     409
     429
     463
     460
     444
     453
     533
     498
     517
     541
     500
     531
     574
     562
     524
     609
     597
     556
     652
     638
     629
     617
     684
     694
     678
     711
     713
     760
     653
     734
     735
     800
     773
     782
     792
     835
     868
     838
     813
     908
     878
     840
     891
     901
     909
     911
     925
     861
     960
     849
     939
     912
     963
     919
     945
    1001
     990
     963
     958
     966
     939
    1003
     955
     945
    1046
     995
     983
     977
     927
     969
     992
     964
     952
     912
     942
     959
     900
     961
     969
     947
     951
     919
     885
     909
     899
     860
     890
     853
     885
     830
     884
     829
     815
     763
     794
     780
     784
     764
     737
     722
     705
     715
     725
     678
     679
     686
     617
     619
     650
     608
     552
     573
     541
     555
     536
     513
     524
     524
     488
     485
     479
     472
     452
     417
     413
     394
     371
     376
     365
     347
     324
     336
     319
     284
     283
     261
     239
     286
     237
     221
     247
     224
     259
     223
     183
     199
     203
     184
     178
     142
     143
     144
     138
     129
     152
     118
     117
     119
      96
     101
     100
      90
      98
      93
      99
      64
      61
      70
      64
      65
      61
      48
      68
      46
      39
      39
      39
      41
      52
      44
      36
      39
      36
      44
      38
      25
      27
      14
      21
      22
      16
      14
      21
      24
      17
      18
      14
       6
      10
       7
      14
      11
      13
       7
       6
      11
      12
      10
       6
       7
      10
       7
       7
      10
       7
       7
       5
       8
       5
       5
       8
       6
       8
       4
       8
       8
       5
       6
      10
       3
       5
       3
       6
      11
       8
       5
      10
       5
       2
       5
       5
       4
      10
       7
       6
       3
       7
       6
       3
       7
       3
       4
       6
       4
       3
       8
       3
       5
       5
       9
       4
       6
       6
       5
       2
       7
       7
       6
       2
       6
       5
       5
       5
       1
       5
       5
       4
       5
       5
       6
       3
       8
       4
       7
       5
       4
       2
       5
       6
       3
       6
       3
       2
       8
       8
      11
       7
       6
       5
       5
       5
       4
       4
       7
       4
       7
       4
       5
       3
       3
       6
       4
       8
       5
       2
       8
      11
       4
       2
       1
       8
       2
       6
       5
       3
       3
       2
       4
       7
       4
       2
       3
       2
       5
       2
       6
       7
       6
       4
       4
      10
       4
       4
       6
       2
       5
       6
      13
       4
       6
       7
       5
       3
       1
       4
       6
       7
       5
       2
       6
       5
      12
       3
       5
       7
       7
       5
       6
       0
       1
       3
       5
       5
       6
       3
       7
       5
       3
       5
       3
       9
       2
       7
       5
       3
       6
      11
       3
       6
       3
       5
       5
       5
       5
       5
       4
       6
       6
       2
       6
       2
       5
       6
       6
       5
       7
       4
       8
       4
       6
       5
       2
       6
       4
       7
       8
       2
       7
       5
       4
       3
       8
       4
       4
       6
       6
       1
       5
       3
       5
       3
       3
       4
       6
       4
       4
       3
       9
       7
       1
       2
       8
       4
       5
       3
       3
       8
       5
       7
       3
       8
       8
       0
       0
       0
       0
       0
       0
       0
       0
       0
       0
       0
       0
       0
       0
       0
       0
       0
       0
       0
       0
       0
       0
       0
       0
       0
       0
       0
       0
       0
       0
       0
       0
$ROI:
0
$PRESETS:
None
0
0
$ENER_FIT:
0.000000 0.376604
$MCA_CAL:
3
0.000000E+000 3.766040E-001 0.000000E+000 keV
$SHAPE_CAL:
3
9.515098E+001 0.000000E+000 0.000000E+000
