$SPEC_ID:
Scatter
$SPEC_REM:
DET# 2
DETDESC# JLAB-9 MCB 136
AP# Maestro Version 7.01
$DATE_MEA:
11/18/2022 13:21:35
$MEAS_TIM:
277 282
$DATA:
0 2047
       0
       0
       0
       0
       0
       0
       0
       0
       0
       0
       0
       0
       0
       0
       0
       0
       0
       0
       0
       0
       0
       0
       0
       0
       0
       0
       0
       0
       0
       0
       0
       0
       0
       0
       0
       0
       0
       0
       0
       0
       0
       0
       0
       0
       0
       0
       0
       0
       0
       0
       0
       0
       0
       0
       0
       0
       0
       0
       0
       0
       0
       0
       0
       0
       0
       0
       0
       0
       0
       0
       0
       0
       0
       0
       0
       0
       0
       0
       0
       0
       2
      49
     162
     187
     167
     180
     188
     165
     194
     183
     178
     173
     170
     159
     162
     170
     170
     184
     195
     178
     159
     193
     151
     154
     180
     175
     194
     137
     175
     178
     162
     186
     167
     161
     183
     175
     190
     172
     188
     186
     187
     180
     177
     189
     169
     169
     189
     158
     179
     205
     200
     176
     178
     191
     168
     209
     195
     179
     181
     182
     188
     182
     200
     187
     197
     203
     181
     207
     220
     187
     197
     189
     194
     193
     154
     173
     230
     201
     188
     195
     203
     207
     187
     202
     217
     223
     199
     222
     210
     198
     212
     237
     247
     217
     213
     207
     222
     191
     230
     241
     241
     210
     254
     225
     222
     239
     219
     272
     261
     257
     255
     286
     243
     274
     264
     242
     278
     257
     260
     283
     272
     280
     281
     277
     288
     275
     312
     273
     279
     258
     292
     296
     280
     291
     274
     260
     313
     274
     286
     256
     263
     247
     226
     279
     252
     271
     239
     261
     256
     267
     299
     272
     249
     267
     252
     256
     298
     267
     257
     271
     266
     298
     268
     288
     271
     261
     261
     259
     241
     248
     265
     261
     289
     278
     272
     277
     239
     267
     261
     263
     270
     271
     276
     286
     260
     247
     257
     271
     303
     280
     256
     255
     270
     269
     258
     268
     266
     268
     257
     292
     262
     271
     250
     263
     284
     279
     278
     279
     282
     295
     305
     270
     256
     270
     248
     278
     296
     242
     285
     262
     292
     255
     272
     253
     276
     239
     286
     289
     256
     286
     285
     260
     261
     283
     277
     244
     251
     294
     238
     322
     289
     280
     305
     256
     274
     302
     281
     256
     264
     252
     270
     299
     278
     297
     273
     289
     275
     282
     267
     248
     265
     270
     261
     283
     268
     261
     301
     288
     255
     277
     267
     249
     262
     261
     259
     264
     278
     267
     297
     248
     256
     290
     258
     267
     299
     238
     265
     256
     276
     303
     270
     247
     287
     269
     283
     239
     269
     268
     264
     265
     287
     257
     258
     232
     278
     246
     262
     265
     273
     252
     271
     235
     275
     280
     260
     309
     235
     255
     268
     286
     270
     251
     276
     260
     276
     277
     284
     282
     265
     230
     268
     257
     264
     285
     259
     265
     298
     278
     273
     272
     284
     275
     291
     235
     256
     290
     228
     267
     275
     242
     243
     274
     281
     258
     275
     276
     262
     268
     261
     270
     273
     271
     242
     257
     269
     285
     275
     315
     272
     279
     294
     284
     260
     307
     269
     252
     291
     305
     261
     303
     280
     250
     311
     285
     274
     292
     306
     271
     320
     307
     300
     274
     311
     330
     338
     293
     303
     326
     280
     317
     283
     290
     298
     288
     296
     285
     330
     301
     328
     311
     289
     310
     280
     290
     370
     321
     302
     307
     303
     298
     328
     309
     309
     316
     303
     315
     343
     303
     274
     272
     329
     289
     317
     316
     328
     297
     284
     266
     310
     289
     300
     295
     297
     283
     273
     272
     277
     300
     297
     310
     280
     265
     269
     257
     295
     279
     310
     304
     277
     282
     266
     311
     261
     287
     261
     299
     284
     239
     296
     282
     260
     307
     253
     235
     277
     244
     250
     271
     273
     260
     278
     271
     292
     255
     264
     238
     280
     267
     235
     257
     274
     275
     251
     253
     256
     250
     248
     239
     256
     246
     254
     252
     263
     250
     244
     227
     261
     267
     249
     259
     281
     256
     238
     228
     265
     267
     248
     226
     255
     257
     239
     263
     255
     259
     243
     249
     239
     262
     263
     220
     246
     248
     247
     230
     227
     251
     234
     213
     211
     267
     245
     236
     234
     233
     249
     229
     273
     230
     224
     234
     218
     226
     253
     235
     248
     225
     243
     223
     207
     227
     239
     218
     237
     258
     235
     236
     213
     203
     217
     192
     229
     216
     213
     203
     238
     209
     226
     221
     218
     196
     191
     240
     201
     228
     198
     246
     238
     239
     206
     180
     242
     223
     190
     210
     219
     208
     219
     224
     221
     224
     216
     215
     210
     213
     220
     211
     234
     222
     209
     242
     223
     206
     220
     255
     195
     208
     222
     216
     207
     204
     217
     209
     220
     226
     217
     198
     203
     228
     203
     201
     208
     231
     208
     218
     211
     199
     207
     200
     205
     219
     207
     159
     210
     188
     226
     213
     223
     191
     203
     186
     180
     207
     224
     207
     191
     206
     220
     201
     200
     208
     216
     192
     210
     195
     177
     162
     219
     217
     191
     209
     197
     224
     189
     203
     215
     197
     212
     185
     169
     211
     200
     224
     170
     188
     182
     227
     222
     197
     199
     215
     203
     180
     195
     204
     209
     186
     201
     230
     177
     170
     192
     220
     181
     200
     181
     185
     201
     204
     207
     196
     221
     202
     176
     205
     196
     194
     179
     192
     220
     188
     187
     202
     207
     169
     186
     165
     215
     194
     197
     189
     192
     193
     175
     191
     177
     195
     202
     215
     187
     182
     176
     199
     202
     212
     195
     203
     186
     186
     184
     206
     180
     194
     182
     196
     210
     182
     188
     205
     176
     193
     184
     177
     191
     196
     203
     195
     191
     194
     178
     173
     171
     178
     189
     185
     186
     178
     179
     185
     193
     199
     186
     213
     201
     203
     208
     184
     168
     185
     180
     189
     197
     186
     216
     190
     185
     166
     180
     175
     205
     189
     198
     202
     195
     165
     180
     180
     183
     198
     179
     183
     193
     204
     184
     170
     194
     193
     187
     203
     177
     161
     197
     201
     201
     200
     195
     197
     173
     187
     181
     187
     178
     196
     172
     191
     209
     207
     198
     179
     189
     198
     194
     145
     178
     190
     154
     183
     209
     185
     202
     172
     177
     186
     193
     179
     179
     217
     178
     184
     178
     181
     199
     192
     178
     186
     169
     165
     203
     196
     213
     184
     198
     205
     192
     191
     208
     185
     204
     179
     192
     184
     214
     186
     212
     197
     195
     193
     203
     192
     185
     210
     188
     201
     176
     177
     205
     186
     176
     182
     202
     200
     199
     186
     192
     182
     205
     194
     179
     214
     184
     206
     200
     176
     194
     215
     183
     207
     198
     186
     204
     186
     227
     209
     182
     191
     201
     239
     217
     190
     189
     210
     182
     183
     165
     185
     196
     261
     210
     215
     183
     198
     182
     173
     204
     207
     208
     180
     206
     199
     210
     210
     198
     194
     225
     190
     184
     174
     193
     206
     198
     171
     212
     174
     218
     185
     203
     182
     211
     198
     195
     190
     184
     200
     183
     233
     192
     218
     188
     186
     200
     199
     194
     203
     200
     194
     218
     212
     183
     200
     201
     186
     211
     193
     197
     212
     196
     185
     205
     175
     184
     231
     180
     186
     180
     173
     187
     205
     164
     204
     185
     183
     185
     202
     189
     202
     178
     192
     212
     208
     174
     171
     184
     173
     195
     184
     219
     153
     178
     177
     176
     187
     189
     178
     192
     194
     169
     158
     175
     158
     173
     185
     171
     188
     175
     179
     171
     155
     160
     169
     162
     167
     159
     149
     175
     168
     147
     143
     164
     140
     144
     160
     150
     137
     145
     164
     148
     140
     133
     144
     133
     140
     139
     134
     137
     134
     143
     117
     153
     130
     125
     143
     127
     115
     124
     112
     120
     122
     129
     117
      98
     105
     121
     119
     126
     114
     130
     104
     123
     102
     117
      99
     105
      98
      89
      95
     108
      96
     138
     103
      90
      90
      98
      86
      98
     101
      96
     100
      95
      82
     121
     114
      85
     121
      99
      92
      77
      96
      88
      82
      94
      92
      81
      94
      87
      76
      73
      84
      78
      69
      66
      85
      85
      67
      87
      76
      88
      97
      83
      71
      83
      50
      82
      63
      83
      64
      83
      84
      81
      84
      57
      87
      75
      83
      71
      83
      87
      68
      85
      81
      74
      77
      79
      71
      92
      79
      83
      70
      65
      73
      76
      76
      63
      77
      70
      74
      81
      66
      67
      76
      57
      72
      72
      66
      73
      66
      75
      74
      70
      77
      68
      71
      73
      65
      67
      73
      70
      60
      73
      62
      61
      62
      63
      69
      79
      60
      61
      69
      74
      67
      66
      70
      66
      77
      67
      61
      45
      53
      66
      57
      55
      49
      53
      64
      53
      71
      65
      60
      63
      61
      51
      64
      39
      58
      63
      61
      60
      62
      65
      66
      62
      62
      61
      49
      62
      55
      56
      48
      56
      63
      46
      72
      49
      68
      59
      49
      46
      60
      55
      54
      59
      61
      58
      66
      55
      69
      61
      65
      47
      69
      68
      51
      64
      57
      71
      62
      66
      69
      64
      61
      46
      63
      54
      76
      57
      64
      68
      59
      74
      53
      57
      49
      63
      72
      64
      60
      56
      57
      58
      51
      67
      73
      72
      64
      48
      67
      62
      65
      57
      61
      60
      62
      70
      60
      70
      48
      55
      50
      51
      45
      67
      55
      61
      54
      67
      68
      71
      59
      75
      66
      85
      66
      71
      77
      72
      70
      67
      44
      66
      63
      66
      65
      60
      72
      75
      72
      77
      83
      52
      75
      60
      80
      67
      69
      53
      54
      69
      60
      73
      66
      55
      72
      79
      62
      69
      74
      61
      65
      61
      73
      64
      72
      75
      80
      84
      75
      81
      93
      93
      95
      72
      71
      79
      77
      96
      73
      78
      84
      83
      74
      79
      80
      67
      75
      97
      91
     101
      95
      72
      78
      93
     100
      90
      87
     100
      92
      99
     103
      96
     120
     111
      98
     124
     115
     110
     104
     122
     113
     126
     123
     139
     127
     138
     138
     137
     124
     134
     150
     155
     157
     156
     139
     185
     168
     180
     173
     181
     190
     178
     216
     188
     199
     209
     238
     224
     219
     245
     246
     246
     228
     280
     291
     279
     259
     313
     289
     311
     343
     344
     339
     366
     352
     369
     351
     381
     373
     396
     384
     447
     437
     448
     413
     478
     460
     505
     475
     485
     553
     531
     555
     529
     578
     579
     595
     554
     646
     634
     646
     613
     681
     675
     719
     662
     703
     714
     702
     713
     808
     713
     823
     789
     836
     819
     837
     881
     876
     908
     886
     901
     910
     908
     946
     964
     964
     977
    1003
     949
    1006
     985
     963
     977
    1038
    1015
    1066
    1007
    1042
    1021
    1065
    1072
    1033
    1051
    1166
    1124
    1132
    1061
    1045
    1134
    1076
    1053
    1047
    1098
    1140
    1081
    1108
    1085
    1042
    1144
    1099
    1094
    1079
    1092
    1046
    1014
    1075
    1050
    1020
    1014
    1060
    1004
    1045
     950
     959
    1015
     963
     902
     918
     903
     899
     906
     917
     808
     848
     788
     876
     793
     781
     740
     745
     764
     782
     728
     749
     694
     705
     636
     625
     690
     602
     586
     609
     534
     616
     556
     525
     517
     498
     502
     447
     435
     440
     411
     420
     440
     389
     405
     379
     391
     340
     326
     297
     287
     296
     305
     274
     267
     246
     265
     248
     247
     236
     221
     212
     173
     187
     180
     190
     164
     135
     160
     157
     144
     117
     127
     129
      96
     108
      97
      84
     107
      87
     100
      76
      61
      74
      69
      72
      59
      66
      51
      42
      58
      53
      36
      47
      58
      30
      28
      33
      27
      37
      32
      42
      24
      34
      18
      29
      22
      19
      24
      23
      22
      15
      18
       8
      17
      10
      12
      19
      12
      14
      10
      11
      12
      10
       6
       9
       8
       8
       8
      11
       6
       8
      11
      10
       5
       7
      10
       9
       9
       6
       6
       5
       9
       6
      12
       4
       7
       3
      11
       8
       4
       6
       5
       6
       8
       6
       4
       6
       5
       7
       9
       8
       3
       2
       3
       4
       6
       6
       5
       8
       4
       4
       6
       7
      12
       5
       6
       3
       4
       7
       8
       8
      10
       6
       9
       6
       4
       5
       3
       3
       7
       3
       1
       9
       2
       4
       3
       5
       5
       3
       3
       7
       4
       3
       5
       7
      10
       6
       5
       3
       4
       9
      13
      10
       5
       4
       3
       4
       6
      10
       9
       7
       7
       3
      11
       5
       3
       3
       7
       3
       4
      10
       7
      12
       3
       7
       5
       6
       5
       6
       5
       6
       4
       4
      11
       8
       3
       9
       7
       3
       4
       4
       4
       6
       6
       3
      13
       5
       5
       4
       5
       5
      14
       6
       9
       8
       8
       7
       1
       2
       4
       2
       7
       7
       5
       3
      11
       1
       4
       8
       8
       3
       5
       3
      10
       8
       2
       8
       4
       8
       5
       4
       2
       4
       3
       5
       4
       2
       3
       5
       7
       3
       3
       5
       3
       2
       1
       4
       5
       4
       8
       5
       5
       3
      11
       5
       6
       4
       5
       3
       5
       5
       2
       8
       5
       6
       4
       1
       6
       8
       8
       3
       7
       2
       6
       5
       6
       2
       6
       4
       7
       1
       2
       4
       3
       6
       5
       4
       7
       5
       4
       6
       6
       9
       3
       3
       9
       4
       5
       6
       6
       3
       3
       5
       9
       2
       0
       4
       0
       0
       0
       0
       0
       0
       0
       0
       0
       0
       0
       0
       0
       0
       0
       0
       0
       0
       0
       0
       0
       0
       0
       0
       0
       0
       0
       0
       0
       0
       0
       0
$ROI:
0
$PRESETS:
None
0
0
$ENER_FIT:
0.000000 0.376604
$MCA_CAL:
3
0.000000E+000 3.766040E-001 0.000000E+000 keV
$SHAPE_CAL:
3
9.515098E+001 0.000000E+000 0.000000E+000
