$SPEC_ID:
Scatter
$SPEC_REM:
DET# 2
DETDESC# JLAB-9 MCB 136
AP# Maestro Version 7.01
$DATE_MEA:
11/18/2022 13:28:01
$MEAS_TIM:
244 248
$DATA:
0 2047
       0
       0
       0
       0
       0
       0
       0
       0
       0
       0
       0
       0
       0
       0
       0
       0
       0
       0
       0
       0
       0
       0
       0
       0
       0
       0
       0
       0
       0
       0
       0
       0
       0
       0
       0
       0
       0
       0
       0
       0
       0
       0
       0
       0
       0
       0
       0
       0
       0
       0
       0
       0
       0
       0
       0
       0
       0
       0
       0
       0
       0
       0
       0
       0
       0
       0
       0
       0
       0
       0
       0
       0
       0
       0
       0
       0
       0
       0
       0
       0
       2
      40
     114
     118
     125
     119
     138
     123
     144
     136
     122
     125
     115
     150
     126
     126
     111
     149
     125
     136
     138
     127
     131
     143
     120
     127
     127
     134
     124
     119
     126
     119
     128
     143
     130
     136
     136
     125
     148
     135
     142
     135
     130
     122
     134
     144
     130
     159
     129
     136
     132
     128
     141
     138
     133
     158
     135
     138
     147
     120
     141
     134
     161
     131
     130
     129
     146
     154
     147
     150
     155
     132
     174
     146
     158
     156
     167
     161
     152
     153
     160
     155
     168
     160
     161
     149
     160
     169
     163
     160
     182
     181
     151
     158
     185
     176
     180
     184
     162
     171
     187
     190
     172
     157
     155
     188
     188
     172
     197
     188
     213
     202
     207
     187
     211
     207
     225
     206
     199
     245
     209
     194
     212
     229
     246
     229
     214
     220
     214
     207
     190
     199
     201
     204
     195
     201
     207
     186
     202
     174
     206
     221
     186
     171
     214
     230
     213
     201
     191
     202
     181
     220
     208
     193
     191
     192
     187
     204
     205
     187
     214
     211
     206
     228
     187
     191
     184
     181
     187
     194
     207
     206
     181
     221
     212
     216
     203
     208
     203
     182
     217
     217
     202
     195
     194
     199
     212
     215
     221
     210
     204
     189
     212
     224
     206
     222
     201
     207
     205
     202
     229
     198
     221
     231
     215
     199
     217
     214
     182
     217
     229
     219
     234
     235
     237
     206
     218
     225
     215
     216
     224
     209
     198
     203
     234
     204
     190
     225
     239
     232
     222
     232
     211
     203
     181
     232
     199
     210
     240
     218
     213
     184
     216
     212
     212
     244
     197
     221
     221
     224
     221
     201
     235
     217
     201
     233
     208
     211
     232
     208
     213
     219
     208
     204
     233
     209
     213
     212
     227
     202
     233
     194
     208
     209
     200
     215
     216
     214
     200
     179
     212
     196
     189
     235
     198
     232
     229
     211
     213
     204
     212
     206
     223
     201
     199
     203
     205
     231
     227
     220
     232
     215
     222
     203
     192
     218
     201
     223
     204
     229
     198
     203
     194
     190
     217
     231
     231
     202
     203
     184
     195
     231
     215
     202
     214
     213
     218
     190
     199
     207
     201
     207
     215
     222
     211
     204
     189
     215
     213
     200
     205
     192
     210
     208
     203
     199
     210
     196
     197
     221
     205
     209
     216
     190
     219
     195
     178
     193
     209
     221
     199
     207
     242
     221
     216
     188
     195
     204
     212
     208
     235
     188
     223
     224
     203
     217
     210
     210
     231
     202
     232
     207
     176
     221
     208
     232
     218
     215
     201
     249
     226
     231
     220
     202
     226
     198
     220
     217
     227
     202
     225
     229
     230
     195
     244
     233
     226
     221
     218
     236
     250
     229
     221
     211
     195
     211
     245
     233
     208
     234
     201
     225
     220
     237
     244
     248
     240
     233
     213
     215
     246
     246
     206
     228
     237
     227
     213
     249
     216
     228
     211
     225
     239
     189
     226
     219
     214
     210
     209
     190
     222
     220
     197
     224
     215
     207
     212
     188
     208
     221
     210
     222
     200
     185
     219
     166
     192
     195
     188
     213
     213
     204
     202
     213
     211
     176
     179
     202
     190
     189
     206
     215
     196
     192
     152
     176
     203
     232
     188
     198
     196
     172
     178
     185
     203
     190
     237
     193
     189
     192
     179
     190
     199
     169
     163
     181
     183
     175
     206
     178
     203
     166
     168
     190
     152
     187
     181
     172
     193
     192
     167
     174
     172
     187
     198
     165
     181
     170
     198
     176
     205
     187
     186
     179
     188
     173
     204
     181
     203
     197
     169
     168
     192
     195
     182
     167
     164
     178
     183
     167
     148
     161
     183
     148
     169
     165
     183
     171
     167
     175
     153
     168
     155
     171
     186
     179
     154
     157
     159
     175
     164
     161
     173
     156
     169
     163
     174
     167
     150
     147
     147
     156
     179
     188
     156
     156
     159
     165
     159
     171
     172
     144
     189
     140
     167
     141
     160
     160
     140
     168
     148
     147
     151
     160
     158
     137
     160
     187
     120
     162
     149
     146
     175
     163
     164
     173
     158
     139
     139
     160
     171
     136
     146
     158
     147
     149
     154
     164
     145
     162
     159
     147
     161
     148
     202
     153
     160
     166
     149
     141
     156
     141
     152
     142
     148
     145
     171
     156
     133
     143
     145
     145
     157
     132
     176
     148
     150
     144
     128
     133
     144
     157
     137
     127
     159
     138
     134
     152
     140
     144
     157
     125
     154
     127
     139
     145
     140
     151
     147
     149
     194
     153
     150
     178
     121
     116
     161
     155
     126
     146
     155
     142
     155
     144
     142
     135
     159
     129
     149
     142
     130
     136
     149
     149
     152
     150
     142
     145
     147
     130
     146
     145
     131
     133
     112
     140
     139
     142
     148
     130
     141
     155
     146
     140
     137
     143
     129
     146
     143
     137
     129
     143
     151
     145
     127
     131
     146
     140
     148
     149
     128
     161
     139
     123
     143
     145
     158
     123
     147
     126
     138
     145
     150
     153
     147
     153
     154
     127
     143
     166
     134
     139
     152
     132
     132
     127
     132
     147
     130
     131
     127
     154
     138
     128
     154
     140
     113
     158
     155
     131
     130
     160
     129
     133
     162
     130
     156
     149
     140
     155
     158
     118
     147
     144
     135
     139
     160
     146
     122
     150
     154
     133
     104
     130
     154
     147
     135
     149
     140
     130
     109
     130
     138
     122
     127
     150
     145
     162
     133
     152
     136
     128
     140
     125
     140
     149
     135
     148
     134
     135
     163
     152
     150
     134
     125
     149
     116
     132
     136
     132
     119
     137
     144
     147
     145
     150
     131
     124
     152
     138
     123
     145
     125
     145
     148
     141
     148
     144
     137
     147
     124
     135
     143
     131
     145
     150
     118
     139
     137
     141
     143
     134
     136
     132
     134
     130
     135
     145
     128
     150
     132
     117
     120
     159
     143
     155
     148
     137
     148
     135
     140
     126
     124
     152
     152
     138
     138
     144
     135
     155
     139
     129
     160
     125
     124
     113
     151
     121
     136
     154
     139
     161
     126
     144
     132
     154
     159
     146
     158
     141
     137
     143
     147
     115
     149
     135
     145
     131
     131
     143
     142
     115
     153
     150
     164
     140
     128
     132
     143
     135
     130
     150
     133
     162
     132
     139
     143
     136
     132
     159
     136
     148
     153
     144
     148
     126
     125
     152
     137
     146
     146
     155
     111
     149
     153
     156
     150
     145
     167
     130
     146
     128
     162
     136
     149
     135
     156
     146
     138
     148
     141
     132
     132
     145
     158
     134
     136
     137
     113
     122
     149
     134
     140
     135
     135
     141
     143
     153
     121
     130
     137
     145
     130
     129
     149
     139
     151
     151
     129
     130
     140
     145
     139
     139
     114
     131
     137
     138
     124
     138
     140
     137
     136
     147
     129
     105
     122
     121
     135
     127
     123
     121
     145
     130
     124
     114
     124
     114
     131
     124
     106
     120
     108
      93
     123
     112
     109
     123
     111
      99
     116
     112
     123
     115
     102
      95
     118
     105
     111
     110
     116
     125
     103
     116
      92
      92
     123
     100
      88
      93
      93
      85
      98
      88
      94
     103
      82
      90
     100
      95
      96
      88
      80
      76
      82
      96
      77
      74
      80
      80
     100
      85
      87
      88
      76
      71
      94
      84
      78
      79
      73
      73
      85
      60
      69
      71
      68
      64
      73
      66
      82
      87
      67
      48
      80
      61
      61
      69
      70
      71
      64
      66
      64
      81
      73
      68
      71
      66
      64
      59
      61
      73
      64
      43
      67
      69
      58
      61
      53
      66
      53
      50
      51
      53
      64
      55
      58
      58
      65
      54
      68
      63
      47
      51
      55
      58
      54
      53
      58
      67
      56
      56
      52
      51
      53
      51
      65
      57
      59
      58
      43
      41
      46
      66
      54
      52
      57
      57
      43
      57
      53
      42
      50
      50
      40
      64
      42
      48
      49
      51
      52
      49
      51
      45
      40
      50
      57
      42
      41
      48
      38
      40
      51
      44
      45
      50
      50
      51
      47
      54
      49
      47
      46
      47
      45
      45
      41
      51
      62
      42
      46
      41
      43
      53
      48
      49
      44
      37
      44
      41
      45
      58
      56
      49
      35
      44
      67
      42
      42
      53
      46
      52
      54
      43
      48
      54
      47
      55
      41
      34
      54
      49
      45
      35
      61
      36
      40
      51
      40
      48
      38
      45
      34
      53
      42
      45
      64
      51
      42
      36
      36
      53
      46
      38
      53
      53
      43
      47
      54
      44
      59
      46
      46
      45
      47
      41
      41
      46
      39
      48
      41
      46
      38
      45
      32
      49
      42
      44
      40
      44
      43
      47
      44
      50
      47
      40
      43
      34
      39
      32
      35
      49
      40
      43
      46
      41
      30
      50
      49
      43
      44
      34
      42
      45
      43
      43
      37
      49
      45
      41
      54
      53
      47
      49
      43
      45
      45
      53
      59
      43
      48
      52
      49
      47
      50
      49
      40
      38
      39
      40
      45
      49
      49
      39
      40
      40
      46
      41
      49
      47
      52
      33
      50
      39
      45
      70
      43
      43
      48
      51
      46
      45
      42
      48
      47
      55
      50
      65
      42
      56
      56
      60
      55
      51
      58
      53
      53
      57
      60
      63
      67
      59
      66
      59
      53
      68
      49
      73
      55
      63
      69
      55
      59
      56
      62
      78
      58
      62
      76
      76
      70
      75
      58
      57
      68
      57
      91
      84
      68
      68
      70
      82
      88
      89
      86
     100
      92
      82
      98
     103
     101
     101
      95
     120
     113
     109
     113
     109
     116
     110
     125
     120
     115
     124
     134
     140
     148
     138
     141
     163
     170
     154
     144
     148
     153
     194
     195
     197
     195
     188
     187
     206
     225
     192
     233
     216
     212
     246
     245
     260
     287
     275
     288
     296
     291
     284
     284
     329
     329
     352
     316
     305
     369
     342
     386
     374
     401
     369
     399
     432
     429
     407
     436
     435
     438
     471
     489
     483
     465
     554
     552
     512
     550
     529
     545
     580
     552
     544
     619
     563
     610
     621
     627
     611
     637
     594
     667
     716
     691
     669
     727
     691
     726
     710
     668
     731
     716
     695
     805
     751
     710
     760
     737
     748
     776
     774
     768
     760
     752
     750
     774
     801
     799
     777
     801
     798
     769
     711
     782
     791
     786
     800
     791
     811
     818
     792
     766
     715
     760
     728
     789
     700
     762
     702
     715
     714
     696
     673
     660
     699
     672
     654
     678
     673
     637
     613
     595
     632
     651
     595
     586
     642
     562
     554
     546
     546
     586
     505
     465
     486
     469
     468
     481
     473
     407
     404
     413
     451
     419
     400
     401
     368
     362
     343
     305
     337
     307
     302
     293
     291
     274
     275
     255
     244
     250
     243
     219
     213
     238
     213
     175
     186
     184
     191
     190
     177
     161
     164
     117
     124
     132
     136
     118
     128
     116
     107
     109
     105
      84
      80
      79
      77
      84
      78
      60
      50
      66
      66
      62
      52
      59
      54
      52
      49
      45
      53
      43
      52
      28
      32
      31
      41
      29
      40
      21
      26
      24
      24
      19
      20
      21
      11
      18
      25
      13
      16
      12
      16
      11
      13
      13
      14
      11
       8
      11
      14
      10
      10
      10
       8
       8
       7
       5
       5
       8
       7
       7
      12
       8
       9
       5
       8
       7
       7
       8
       9
       4
       6
       2
       9
       3
       5
       7
       6
       2
       3
       6
       6
       6
       5
       7
       3
       8
       4
       6
       4
       8
       1
       4
       9
       6
       4
       5
       4
       3
       7
       5
       2
       2
       2
       6
       4
       6
       9
      11
       2
       8
       4
       5
       6
       1
       3
       7
       7
       8
       2
       4
       2
       8
       7
       6
       1
       1
       3
       2
       7
       5
      10
       2
       8
       5
       2
       6
       9
       6
       3
       8
       3
       4
       5
       3
       6
       7
       3
       5
       6
       3
       4
       7
       2
       3
       4
       7
       2
       6
      10
       2
       4
       2
       1
       4
       1
       3
       7
       6
       4
      10
       5
       3
       4
       5
       1
       7
       6
       5
       2
      10
       5
       4
      11
       6
       5
       2
      10
       6
       4
       6
       8
       7
       9
       4
       2
       4
       3
       4
       6
       5
       7
       3
       5
       3
       5
       4
       2
       4
       2
       3
       2
       3
       4
       6
       5
       5
       1
       8
       3
       4
       7
       2
       5
       0
       3
       4
       6
       1
       7
       4
       2
       1
       3
       5
       5
       6
       3
       3
       3
       3
       3
       2
       7
       2
       7
       5
       2
       4
       3
       2
       4
       2
       7
       4
       4
       2
       6
       3
       5
       2
       9
       3
       3
       4
       1
       3
       3
       3
       2
       1
       5
       2
       7
       7
       4
       3
       3
       3
       4
       4
       7
       4
       7
       4
       1
       2
       2
       9
       6
       5
       1
       3
       8
       5
       2
       2
       6
       4
       3
       0
       0
       0
       0
       0
       0
       0
       0
       0
       0
       0
       0
       0
       0
       0
       0
       0
       0
       0
       0
       0
       0
       0
       0
       0
       0
       0
       0
       0
       0
       0
       0
$ROI:
0
$PRESETS:
None
0
0
$ENER_FIT:
0.000000 0.376604
$MCA_CAL:
3
0.000000E+000 3.766040E-001 0.000000E+000 keV
$SHAPE_CAL:
3
9.515098E+001 0.000000E+000 0.000000E+000
