$SPEC_ID:
Scatter
$SPEC_REM:
DET# 2
DETDESC# JLAB-9 MCB 136
AP# Maestro Version 7.01
$DATE_MEA:
11/18/2022 13:32:50
$MEAS_TIM:
333 338
$DATA:
0 2047
       0
       0
       0
       0
       0
       0
       0
       0
       0
       0
       0
       0
       0
       0
       0
       0
       0
       0
       0
       0
       0
       0
       0
       0
       0
       0
       0
       0
       0
       0
       0
       0
       0
       0
       0
       0
       0
       0
       0
       0
       0
       0
       0
       0
       0
       0
       0
       0
       0
       0
       0
       0
       0
       0
       0
       0
       0
       0
       0
       0
       0
       0
       0
       0
       0
       0
       0
       0
       0
       0
       0
       0
       0
       0
       0
       0
       0
       0
       0
       0
       1
      42
     130
     159
     133
     166
     146
     174
     156
     175
     159
     147
     166
     163
     154
     150
     157
     140
     142
     157
     147
     135
     151
     144
     162
     159
     142
     139
     158
     127
     142
     158
     147
     139
     190
     156
     144
     144
     156
     156
     142
     154
     156
     163
     166
     163
     161
     171
     157
     169
     169
     165
     133
     149
     163
     164
     151
     158
     182
     145
     185
     186
     178
     183
     177
     145
     173
     139
     163
     169
     168
     196
     170
     156
     162
     169
     172
     196
     186
     169
     191
     180
     188
     185
     207
     212
     195
     189
     196
     203
     174
     229
     196
     191
     189
     224
     190
     193
     191
     202
     197
     198
     223
     244
     206
     227
     196
     223
     203
     227
     220
     233
     229
     241
     212
     265
     255
     241
     250
     268
     268
     250
     252
     240
     254
     252
     256
     276
     270
     267
     245
     265
     221
     252
     268
     244
     245
     258
     255
     257
     236
     262
     240
     232
     232
     242
     254
     249
     241
     272
     244
     224
     250
     251
     258
     276
     224
     270
     268
     238
     255
     219
     254
     247
     254
     278
     270
     223
     254
     241
     267
     246
     242
     261
     236
     260
     259
     236
     250
     272
     267
     233
     254
     258
     270
     248
     276
     245
     263
     245
     272
     229
     250
     257
     257
     265
     262
     267
     260
     254
     255
     287
     279
     233
     258
     246
     263
     269
     245
     253
     245
     255
     273
     279
     275
     245
     262
     280
     266
     270
     252
     243
     273
     279
     250
     257
     286
     274
     223
     267
     283
     250
     283
     248
     270
     274
     271
     266
     260
     262
     277
     250
     275
     271
     262
     257
     250
     270
     279
     271
     263
     242
     271
     268
     270
     271
     221
     210
     293
     290
     266
     258
     267
     282
     273
     256
     230
     250
     254
     278
     256
     240
     257
     262
     295
     257
     270
     246
     235
     254
     274
     247
     280
     264
     246
     256
     261
     246
     254
     262
     264
     249
     255
     297
     271
     226
     235
     272
     261
     263
     269
     232
     278
     256
     252
     233
     250
     249
     253
     254
     243
     222
     249
     274
     244
     236
     236
     255
     278
     223
     228
     264
     256
     244
     247
     271
     258
     247
     233
     237
     245
     259
     243
     232
     249
     269
     236
     248
     225
     258
     231
     213
     230
     210
     235
     232
     238
     275
     259
     246
     265
     255
     221
     242
     291
     263
     275
     268
     235
     262
     236
     272
     238
     230
     277
     265
     244
     280
     242
     257
     262
     254
     278
     297
     250
     250
     244
     264
     252
     254
     258
     252
     263
     266
     258
     248
     267
     246
     288
     279
     234
     258
     274
     275
     273
     289
     274
     285
     260
     257
     264
     279
     274
     269
     287
     241
     242
     281
     254
     294
     268
     262
     259
     302
     272
     264
     292
     257
     267
     254
     273
     276
     259
     268
     268
     260
     253
     269
     269
     268
     274
     274
     297
     265
     276
     243
     248
     251
     261
     246
     288
     239
     256
     259
     250
     247
     243
     246
     261
     255
     258
     242
     282
     232
     265
     228
     239
     238
     248
     261
     237
     234
     254
     243
     248
     236
     253
     240
     231
     235
     215
     223
     242
     240
     236
     250
     225
     225
     242
     232
     208
     247
     240
     249
     229
     229
     245
     227
     251
     225
     242
     228
     233
     240
     230
     219
     226
     225
     218
     253
     241
     235
     227
     211
     228
     227
     235
     227
     225
     239
     215
     202
     234
     231
     225
     225
     208
     209
     215
     207
     229
     213
     188
     202
     211
     221
     241
     243
     197
     209
     208
     223
     221
     204
     219
     224
     225
     211
     207
     215
     197
     198
     192
     193
     177
     183
     189
     196
     179
     164
     200
     207
     196
     196
     203
     201
     197
     203
     193
     190
     202
     175
     203
     188
     201
     205
     194
     178
     231
     179
     200
     204
     183
     221
     180
     206
     186
     193
     183
     190
     191
     197
     210
     194
     187
     201
     201
     182
     184
     185
     165
     182
     164
     171
     196
     190
     165
     184
     192
     177
     213
     196
     168
     191
     161
     189
     178
     196
     171
     165
     170
     169
     207
     173
     161
     183
     195
     178
     185
     185
     164
     172
     160
     211
     169
     164
     201
     188
     184
     185
     159
     173
     166
     185
     164
     145
     168
     182
     191
     184
     167
     178
     188
     184
     162
     151
     171
     163
     190
     158
     174
     174
     163
     175
     168
     164
     153
     172
     175
     163
     190
     195
     166
     161
     165
     198
     159
     190
     169
     189
     167
     184
     167
     156
     170
     178
     160
     184
     158
     192
     162
     154
     177
     153
     145
     163
     155
     169
     183
     183
     173
     157
     175
     163
     158
     189
     145
     166
     167
     147
     163
     157
     152
     156
     149
     165
     147
     169
     175
     171
     162
     137
     137
     172
     159
     169
     169
     151
     171
     150
     160
     167
     164
     162
     156
     174
     166
     136
     167
     177
     140
     161
     133
     157
     144
     169
     152
     176
     180
     163
     147
     168
     186
     139
     168
     186
     170
     162
     186
     179
     165
     168
     142
     163
     150
     151
     158
     163
     155
     161
     155
     160
     172
     153
     140
     149
     169
     153
     180
     172
     165
     159
     154
     138
     143
     166
     168
     163
     148
     154
     172
     189
     140
     149
     154
     151
     157
     148
     141
     139
     165
     158
     157
     131
     180
     163
     149
     151
     153
     191
     166
     152
     170
     166
     154
     157
     148
     173
     155
     158
     157
     156
     171
     163
     160
     138
     163
     153
     132
     151
     129
     145
     147
     183
     134
     139
     167
     144
     157
     173
     143
     163
     132
     168
     164
     165
     142
     124
     169
     152
     154
     164
     159
     149
     150
     163
     158
     160
     145
     138
     153
     158
     155
     179
     154
     151
     150
     137
     133
     149
     157
     171
     158
     154
     170
     159
     170
     158
     138
     171
     160
     162
     150
     151
     168
     148
     162
     151
     147
     158
     165
     143
     159
     161
     140
     156
     128
     141
     150
     152
     142
     130
     159
     172
     140
     141
     175
     142
     149
     148
     161
     147
     165
     141
     159
     176
     139
     130
     174
     166
     145
     168
     164
     171
     156
     140
     179
     178
     150
     165
     176
     173
     162
     140
     192
     161
     144
     154
     158
     176
     169
     174
     160
     157
     163
     171
     189
     155
     177
     165
     157
     172
     164
     170
     153
     144
     154
     152
     161
     164
     166
     152
     156
     163
     156
     167
     147
     172
     164
     136
     127
     164
     171
     169
     150
     172
     159
     156
     161
     156
     183
     167
     167
     172
     200
     146
     157
     151
     176
     160
     164
     170
     146
     157
     140
     154
     160
     172
     124
     156
     149
     158
     133
     146
     165
     176
     173
     165
     171
     175
     148
     161
     132
     128
     175
     139
     160
     154
     166
     135
     146
     153
     146
     146
     138
     166
     138
     140
     140
     167
     146
     141
     131
     146
     153
     133
     134
     162
     158
     131
     150
     139
     146
     137
     128
     128
     154
     133
     130
     153
     129
     125
     137
     144
     123
     123
     119
     126
     111
     128
     154
     132
     122
     128
     110
     153
     135
     123
     129
      93
     119
     137
     136
     106
     101
     122
     123
     106
     115
     108
     128
     106
     106
     121
      95
     106
     112
     132
      96
     111
      88
      95
     102
     105
     117
      92
      91
      95
      81
      82
      90
      97
     101
     108
      87
      99
      81
     107
      94
      91
      95
      74
      77
      88
      82
     106
      72
      88
      77
      84
      95
      85
      87
      73
      66
      70
      81
      79
      58
      65
      73
      73
      77
      87
      78
      81
      81
      80
      65
      73
      80
      68
      63
      65
      82
      62
      67
      71
      57
      76
      66
      62
      65
      71
      76
      66
      65
      70
      63
      57
      54
      63
      53
      55
      69
      63
      59
      69
      60
      54
      57
      59
      63
      48
      65
      54
      61
      64
      67
      57
      61
      66
      58
      66
      56
      70
      70
      55
      49
      68
      60
      46
      44
      70
      60
      74
      52
      59
      66
      53
      55
      68
      61
      41
      60
      62
      56
      60
      46
      62
      60
      48
      33
      62
      43
      64
      57
      55
      57
      57
      56
      54
      40
      55
      48
      59
      44
      60
      47
      55
      54
      53
      51
      45
      53
      65
      65
      64
      44
      48
      61
      63
      57
      49
      48
      60
      53
      37
      62
      64
      57
      48
      39
      52
      61
      49
      35
      49
      55
      44
      54
      57
      56
      43
      45
      53
      51
      35
      53
      54
      44
      47
      60
      50
      42
      47
      42
      57
      57
      39
      46
      44
      55
      41
      50
      45
      44
      44
      46
      51
      50
      44
      50
      53
      49
      54
      39
      51
      47
      53
      50
      42
      49
      53
      49
      49
      40
      50
      50
      56
      52
      62
      37
      42
      66
      45
      56
      49
      41
      50
      54
      58
      48
      55
      56
      37
      40
      52
      47
      48
      46
      46
      54
      62
      40
      63
      60
      40
      47
      54
      47
      53
      55
      49
      62
      60
      46
      51
      61
      51
      72
      44
      52
      51
      54
      43
      46
      51
      65
      52
      70
      47
      49
      54
      56
      57
      47
      50
      60
      74
      45
      52
      55
      54
      51
      60
      57
      55
      48
      82
      67
      57
      75
      60
      66
      74
      68
      59
      59
      44
      57
      55
      73
      42
      50
      65
      67
      48
      61
      71
      70
      68
      76
      65
      82
      63
      79
      79
      68
      62
      53
      57
      63
      79
      71
      61
      73
      78
      78
      70
      87
      79
      88
      86
      76
     104
      79
      79
      81
      99
      77
      83
      91
      84
      86
      84
     119
      98
      90
      93
     141
     118
     115
     115
      95
     113
     114
     124
     132
     130
     150
     163
     149
     140
     135
     141
     168
     155
     194
     190
     166
     179
     196
     204
     173
     202
     210
     229
     177
     218
     236
     222
     249
     264
     279
     258
     264
     269
     273
     295
     306
     317
     300
     307
     298
     313
     338
     337
     387
     350
     345
     387
     344
     418
     388
     406
     448
     446
     443
     468
     456
     463
     488
     488
     498
     509
     528
     517
     535
     530
     545
     543
     535
     589
     575
     607
     621
     613
     659
     648
     668
     677
     678
     705
     728
     714
     730
     692
     735
     766
     751
     728
     814
     743
     835
     807
     780
     776
     824
     823
     817
     853
     824
     863
     878
     849
     891
     841
     870
     882
     860
     854
     849
     856
     854
     889
     901
     899
     832
     846
     926
     848
     913
     858
     889
     854
     822
     854
     794
     867
     837
     790
     834
     777
     821
     779
     755
     744
     733
     827
     774
     745
     723
     715
     718
     767
     676
     685
     714
     649
     625
     680
     630
     620
     605
     597
     579
     590
     556
     555
     504
     525
     491
     511
     552
     514
     468
     486
     467
     463
     394
     413
     404
     411
     362
     366
     363
     354
     322
     361
     322
     319
     277
     273
     272
     274
     258
     265
     220
     235
     221
     232
     186
     181
     189
     192
     173
     144
     155
     169
     156
     136
     140
     162
     136
     122
     123
     122
      98
     103
      83
      94
      98
      83
      85
      83
      85
      66
      52
      66
      50
      61
      47
      53
      49
      45
      49
      38
      40
      40
      21
      30
      27
      36
      28
      29
      25
      24
      23
      21
      20
      19
      21
      18
      17
      14
      12
      22
      14
      13
      17
      16
      14
      13
      13
      14
      13
      10
      10
      13
      12
      15
       7
       8
       7
       9
       6
      10
       8
       4
       6
       6
       6
       8
      11
       3
      14
       8
       5
       6
       7
       5
       4
       6
       7
       3
       8
       8
       7
      11
       6
       7
       4
       8
       4
       6
      10
       7
       5
       7
       6
       4
       5
       8
       5
       3
       6
       9
      10
       4
       4
       7
       3
       5
       6
       7
       4
       4
       9
       5
       5
      10
       5
       6
       4
      10
       5
       8
       4
       3
       7
       3
       5
       3
       4
       3
       7
      10
       7
       5
       3
       6
       4
       2
       4
       8
       6
       9
       5
       3
       2
       3
       3
       7
       3
       6
       7
       4
       4
       8
       9
       6
       4
      11
       6
      11
      11
       2
       9
       9
       6
       4
       7
       9
       2
       3
       3
       6
       5
       5
       5
       0
       6
       5
      11
      10
       6
       4
       9
       3
       6
       6
       5
       4
       3
      10
       4
       8
       3
      11
       7
       2
      10
      10
      11
       8
       6
       4
       8
       5
       7
       6
       3
       5
       3
       4
       5
       5
       7
       2
       3
       5
       4
       2
      10
       2
       8
       5
       7
       4
       3
       4
       6
       7
       5
       6
       5
       6
       4
       6
       7
       7
       5
       5
       3
       6
       5
       7
       5
       3
       4
       3
       7
       6
       7
       8
       6
       3
       4
       8
       4
       7
       1
       5
      13
       0
       3
       9
       4
       3
       8
       6
       4
       4
       4
       6
       7
       4
       3
       5
       6
       6
       5
       3
       3
       5
       4
       8
       6
       3
       9
       3
       5
       6
       8
       3
       3
       1
       8
       3
       5
       3
      11
       3
       7
       4
       0
       0
       0
       0
       0
       0
       0
       0
       0
       0
       0
       0
       0
       0
       0
       0
       0
       0
       0
       0
       0
       0
       0
       0
       0
       0
       0
       0
       0
       0
       0
       0
$ROI:
0
$PRESETS:
None
0
0
$ENER_FIT:
0.000000 0.376604
$MCA_CAL:
3
0.000000E+000 3.766040E-001 0.000000E+000 keV
$SHAPE_CAL:
3
9.515098E+001 0.000000E+000 0.000000E+000
