$SPEC_ID:
Scatter
$SPEC_REM:
DET# 2
DETDESC# JLAB-9 MCB 136
AP# Maestro Version 7.01
$DATE_MEA:
11/18/2022 13:38:49
$MEAS_TIM:
456 462
$DATA:
0 2047
       0
       0
       0
       0
       0
       0
       0
       0
       0
       0
       0
       0
       0
       0
       0
       0
       0
       0
       0
       0
       0
       0
       0
       0
       0
       0
       0
       0
       0
       0
       0
       0
       0
       0
       0
       0
       0
       0
       0
       0
       0
       0
       0
       0
       0
       0
       0
       0
       0
       0
       0
       0
       0
       0
       0
       0
       0
       0
       0
       0
       0
       0
       0
       0
       0
       0
       0
       0
       0
       0
       0
       0
       0
       0
       0
       0
       0
       0
       0
       0
       0
      60
     163
     179
     173
     181
     189
     179
     157
     198
     156
     191
     172
     178
     169
     166
     166
     175
     185
     174
     206
     195
     163
     197
     164
     178
     177
     175
     180
     178
     188
     162
     173
     177
     208
     180
     186
     180
     181
     189
     169
     163
     194
     199
     191
     166
     172
     199
     186
     152
     178
     182
     206
     201
     202
     197
     191
     204
     200
     209
     191
     194
     204
     220
     195
     169
     188
     189
     215
     205
     207
     219
     197
     211
     209
     225
     199
     215
     214
     218
     238
     219
     218
     246
     223
     219
     243
     227
     184
     227
     244
     230
     226
     225
     256
     241
     233
     223
     259
     251
     258
     277
     290
     243
     259
     251
     257
     272
     295
     275
     274
     316
     300
     319
     282
     297
     325
     323
     312
     332
     332
     292
     330
     317
     318
     321
     315
     329
     322
     289
     314
     294
     291
     320
     319
     317
     313
     319
     307
     310
     312
     348
     321
     312
     316
     293
     336
     317
     318
     298
     308
     303
     329
     317
     279
     323
     303
     337
     306
     296
     309
     314
     311
     305
     298
     368
     323
     278
     321
     324
     353
     334
     326
     309
     351
     320
     295
     295
     333
     322
     322
     324
     303
     303
     344
     299
     340
     301
     313
     295
     296
     331
     340
     312
     344
     329
     321
     320
     334
     321
     305
     316
     340
     321
     338
     308
     294
     314
     354
     328
     331
     338
     348
     296
     317
     332
     358
     325
     322
     320
     343
     351
     337
     306
     331
     353
     302
     351
     337
     305
     302
     328
     315
     333
     347
     308
     337
     349
     353
     319
     342
     301
     327
     330
     307
     326
     343
     335
     316
     313
     324
     309
     363
     322
     313
     340
     344
     347
     306
     339
     303
     302
     324
     347
     333
     332
     318
     305
     344
     315
     337
     355
     319
     334
     309
     315
     301
     328
     306
     300
     317
     305
     328
     315
     338
     285
     369
     298
     292
     332
     325
     331
     331
     298
     310
     284
     334
     305
     317
     312
     335
     284
     298
     314
     319
     328
     344
     315
     336
     306
     284
     318
     270
     321
     301
     283
     317
     293
     317
     314
     305
     314
     291
     301
     283
     290
     311
     311
     305
     302
     303
     300
     329
     281
     289
     327
     287
     334
     318
     312
     322
     302
     311
     313
     317
     303
     293
     297
     323
     287
     326
     310
     309
     303
     289
     281
     302
     328
     306
     290
     300
     299
     305
     319
     306
     311
     362
     306
     296
     313
     270
     306
     273
     326
     304
     336
     298
     326
     300
     324
     301
     300
     296
     348
     285
     288
     310
     353
     352
     308
     339
     304
     317
     337
     320
     306
     339
     332
     356
     316
     325
     317
     337
     316
     327
     337
     303
     348
     334
     352
     345
     327
     339
     321
     312
     332
     324
     282
     314
     330
     331
     314
     324
     325
     299
     291
     311
     302
     331
     343
     300
     310
     316
     305
     326
     335
     299
     337
     301
     266
     276
     305
     305
     299
     274
     290
     295
     318
     302
     327
     291
     329
     314
     295
     292
     288
     279
     298
     314
     302
     280
     289
     300
     289
     312
     284
     262
     291
     287
     285
     285
     300
     272
     256
     244
     237
     253
     282
     273
     274
     288
     250
     279
     285
     304
     270
     246
     263
     304
     271
     285
     269
     285
     291
     253
     292
     272
     280
     261
     266
     235
     249
     253
     248
     261
     263
     239
     249
     269
     269
     267
     274
     283
     275
     264
     232
     281
     255
     271
     250
     258
     279
     237
     239
     247
     251
     249
     265
     240
     264
     264
     218
     248
     269
     234
     251
     229
     249
     251
     238
     255
     270
     230
     242
     228
     211
     223
     231
     231
     233
     261
     232
     245
     216
     204
     221
     249
     227
     229
     225
     252
     222
     212
     213
     218
     232
     235
     214
     220
     220
     228
     202
     227
     244
     234
     215
     208
     222
     218
     215
     247
     200
     210
     210
     238
     247
     214
     192
     210
     206
     207
     209
     228
     206
     214
     200
     212
     207
     210
     230
     197
     204
     209
     219
     206
     219
     218
     228
     222
     219
     209
     215
     216
     227
     223
     234
     214
     209
     204
     221
     213
     223
     222
     228
     212
     210
     219
     213
     210
     189
     219
     193
     201
     196
     226
     196
     191
     199
     213
     217
     195
     234
     197
     200
     214
     211
     200
     190
     196
     213
     211
     214
     210
     210
     197
     206
     204
     210
     189
     199
     196
     198
     182
     202
     194
     213
     212
     196
     186
     194
     218
     210
     195
     189
     197
     189
     221
     206
     179
     169
     190
     185
     181
     196
     193
     190
     195
     212
     189
     202
     176
     171
     174
     173
     194
     169
     175
     182
     201
     205
     201
     196
     198
     175
     211
     193
     194
     184
     182
     209
     197
     175
     202
     181
     174
     212
     176
     203
     175
     168
     181
     199
     183
     183
     204
     208
     202
     191
     205
     182
     193
     177
     173
     195
     219
     178
     203
     211
     202
     182
     193
     209
     193
     203
     208
     197
     184
     188
     193
     191
     171
     169
     183
     186
     195
     168
     187
     171
     185
     187
     188
     163
     185
     178
     179
     177
     160
     183
     172
     188
     184
     199
     195
     206
     200
     201
     187
     188
     180
     182
     184
     171
     172
     206
     197
     165
     187
     207
     199
     180
     179
     190
     165
     182
     207
     176
     187
     209
     199
     185
     178
     203
     181
     197
     182
     197
     175
     171
     194
     157
     170
     181
     198
     205
     176
     171
     185
     201
     194
     192
     208
     175
     184
     195
     182
     182
     173
     182
     197
     173
     162
     167
     195
     186
     174
     198
     225
     158
     163
     199
     196
     190
     175
     183
     175
     182
     158
     174
     192
     170
     192
     179
     178
     189
     195
     157
     186
     183
     195
     199
     181
     198
     173
     167
     187
     150
     167
     172
     183
     165
     172
     178
     176
     181
     160
     160
     180
     166
     179
     193
     194
     163
     177
     195
     154
     178
     186
     181
     176
     176
     218
     181
     151
     174
     183
     170
     156
     187
     164
     169
     177
     160
     168
     201
     197
     172
     145
     184
     174
     173
     191
     189
     164
     186
     167
     183
     199
     177
     203
     189
     177
     181
     178
     188
     156
     169
     181
     185
     156
     175
     170
     188
     172
     204
     187
     208
     188
     151
     162
     176
     182
     172
     173
     195
     172
     200
     180
     189
     164
     194
     205
     188
     182
     173
     196
     181
     166
     185
     172
     175
     212
     186
     199
     165
     183
     180
     162
     185
     177
     178
     189
     181
     206
     191
     210
     178
     164
     200
     193
     188
     170
     192
     163
     160
     211
     202
     184
     173
     173
     193
     173
     178
     154
     175
     187
     190
     178
     202
     166
     164
     182
     172
     155
     161
     187
     194
     173
     189
     190
     163
     180
     153
     170
     171
     156
     177
     187
     197
     207
     184
     192
     162
     177
     170
     155
     167
     159
     174
     160
     176
     167
     187
     155
     162
     150
     153
     167
     172
     178
     176
     152
     164
     152
     164
     173
     136
     165
     158
     146
     176
     146
     161
     150
     132
     132
     132
     127
     160
     149
     130
     132
     147
     168
     133
     144
     137
     138
     135
     108
     121
     133
     130
     131
     133
     122
     127
     121
     115
     107
     121
     100
     116
     104
     125
     121
      98
     102
     109
     107
     125
     126
     104
      97
     109
     121
      98
      95
     116
      91
     102
     102
      98
     110
     108
      89
     104
     109
      93
     110
      92
      87
      89
     100
      91
      97
     101
      90
      74
      97
      80
      83
      82
      77
      68
      85
      75
      78
      71
      80
      88
      75
      73
      82
      61
      83
      79
      77
      80
      74
      89
      90
      89
      78
      69
      90
      84
      86
      62
      59
      89
      77
      81
      79
      85
      69
      68
      76
      74
      81
      63
      80
      66
      89
      69
      71
      88
      85
      66
      80
      70
      76
      72
      80
      88
      63
      67
      76
      75
      77
      71
      76
      69
      56
      74
      61
      65
      72
      67
      61
      65
      59
      65
      59
      70
      68
      65
      62
      67
      74
      68
      69
      75
      71
      64
      79
      57
      73
      69
      60
      53
      70
      51
      61
      68
      70
      59
      65
      61
      56
      57
      49
      64
      71
      73
      63
      65
      55
      72
      59
      67
      61
      60
      62
      67
      59
      57
      62
      76
      50
      58
      63
      49
      52
      70
      62
      65
      67
      59
      54
      55
      46
      38
      54
      61
      54
      50
      57
      64
      50
      55
      60
      49
      54
      58
      48
      57
      65
      66
      46
      67
      62
      59
      75
      60
      58
      46
      60
      52
      61
      61
      48
      63
      52
      62
      59
      46
      58
      51
      62
      56
      43
      56
      51
      68
      48
      55
      57
      55
      54
      58
      61
      60
      62
      53
      61
      70
      57
      56
      45
      69
      71
      68
      58
      62
      72
      60
      69
      75
      53
      55
      64
      61
      60
      45
      44
      51
      54
      48
      49
      62
      69
      59
      76
      59
      62
      60
      67
      70
      49
      62
      46
      47
      63
      49
      50
      60
      64
      62
      78
      67
      67
      67
      63
      58
      56
      68
      65
      69
      66
      72
      52
      74
      66
      65
      61
      64
      64
      50
      65
      79
      76
      65
      65
      70
      62
      65
      67
      65
      65
      70
      58
      69
      72
      75
      78
      64
      55
      62
      73
      60
      59
      80
      86
      92
      93
      64
      63
      81
      75
      74
      98
      87
      96
      69
      78
      92
      79
      77
      88
      94
      80
      84
      84
      83
      89
      85
      90
      91
      93
     106
     103
     109
     106
      89
     107
     117
     122
     132
     111
     128
     157
     126
     123
     120
     142
     134
     149
     129
     147
     135
     153
     147
     151
     164
     170
     174
     157
     176
     190
     200
     197
     216
     203
     208
     236
     205
     217
     223
     250
     225
     255
     280
     271
     263
     300
     286
     316
     299
     310
     333
     323
     336
     361
     366
     368
     364
     359
     409
     399
     401
     425
     426
     444
     456
     436
     459
     495
     495
     508
     513
     534
     530
     530
     543
     574
     608
     569
     607
     636
     640
     612
     621
     633
     656
     735
     684
     695
     720
     712
     733
     770
     755
     808
     788
     788
     791
     828
     865
     808
     806
     908
     832
     838
     857
     867
     890
     899
     906
     892
     934
     925
     911
     922
     952
     919
     936
    1000
     918
     999
     908
     940
     902
     933
     979
    1026
     908
     943
     999
    1015
     991
     922
    1035
     952
     961
     944
     949
     942
     980
     992
     983
     891
     919
     907
     908
     931
     850
     861
     857
     808
     826
     840
     855
     821
     812
     850
     756
     774
     811
     755
     733
     758
     707
     740
     686
     724
     616
     655
     676
     638
     576
     617
     574
     591
     597
     577
     505
     518
     483
     495
     496
     474
     455
     471
     428
     431
     449
     431
     398
     365
     360
     359
     325
     334
     335
     299
     282
     287
     274
     290
     222
     265
     279
     237
     243
     234
     212
     203
     211
     187
     171
     174
     157
     161
     132
     158
     125
     109
     124
     120
     108
      95
     105
      99
     111
      82
      84
      78
      78
      85
      80
      65
      68
      56
      56
      52
      51
      61
      57
      50
      43
      35
      43
      50
      44
      35
      30
      32
      23
      26
      33
      26
      14
      29
      29
      28
      16
      13
      14
      21
      19
      16
      14
      25
      13
      16
       7
      10
      17
      12
      12
      10
      15
       7
      13
       8
      10
      15
      11
       6
      11
      13
      11
      11
       7
      16
       8
       9
       8
      13
      10
       7
      11
      16
      12
       8
       8
      10
       7
      10
      11
      11
       7
       9
       5
      15
       9
       8
       9
       2
       2
       7
       7
       5
       6
       9
       4
       5
       6
       8
       7
       6
       8
       7
      12
       5
       7
       6
      10
      14
       7
      14
       9
       9
       6
       7
      10
       8
       7
      10
       7
       9
      11
      12
       6
       4
       5
       7
       6
       2
       7
      18
       5
       8
       7
       9
       8
       9
       6
       8
       5
       6
       8
       5
       5
       9
       7
       6
       9
      10
       5
       8
       7
      12
      11
       8
       9
       9
       9
      12
       5
      10
       7
       6
       6
       6
       6
      17
       6
       6
       6
       7
       6
      14
       7
       9
       5
       5
       9
       8
      10
       9
       7
       9
       9
       8
       8
       8
       8
       8
       7
       8
       7
       4
       8
       7
       7
       3
      10
      10
       9
       7
       8
       5
       9
       5
       4
      10
       2
       5
       7
       6
       4
       6
      11
       5
       7
      13
       8
       8
       5
       9
       3
       7
       5
       9
       2
      12
       6
       8
       9
       7
      10
      10
      10
      12
      10
      10
       2
      10
       8
       8
       5
       7
       8
      10
       4
      10
       8
       8
       7
       8
      10
       9
       8
       4
       6
       0
       2
       9
       9
       3
       3
       4
       7
       5
       5
       1
       2
       6
       9
       6
       8
       6
       9
       3
      10
       2
       3
       5
       3
      13
       4
       4
      12
       9
       3
       4
       5
       9
       9
       6
       6
       3
       6
       6
       4
       0
       0
       0
       0
       0
       0
       0
       0
       0
       0
       0
       0
       0
       0
       0
       0
       0
       0
       0
       0
       0
       0
       0
       0
       0
       0
       0
       0
       0
       0
       0
       0
$ROI:
0
$PRESETS:
None
0
0
$ENER_FIT:
0.000000 0.376604
$MCA_CAL:
3
0.000000E+000 3.766040E-001 0.000000E+000 keV
$SHAPE_CAL:
3
9.515098E+001 0.000000E+000 0.000000E+000
