$SPEC_ID:
Scatter
$SPEC_REM:
DET# 2
DETDESC# JLAB-9 MCB 136
AP# Maestro Version 7.01
$DATE_MEA:
11/16/2022 14:21:03
$MEAS_TIM:
337 376
$DATA:
0 2047
       0
       0
       0
       0
       0
       0
       0
       0
       0
       0
       0
       0
       0
       0
       0
       0
       0
       0
       0
       0
       0
       0
       0
       0
       0
       0
       0
       0
       0
       0
       0
       0
       0
       0
       0
       0
       0
       0
       0
       0
       0
       0
       0
       0
       0
       0
       0
       0
       0
       0
       0
       0
       0
       0
       0
       0
       0
       0
       0
       0
       0
       0
       0
       0
       0
       0
       0
       0
       0
       0
       0
       0
       0
       0
       0
       0
       0
       0
       0
       0
       0
      66
     243
     239
     258
     240
     247
     197
     243
     214
     173
     161
     142
     140
      88
      87
      76
      65
      60
      51
      47
      25
      37
      28
      28
      21
      21
      22
      10
      13
      20
       8
       6
      10
       4
      13
       9
       9
      14
       9
       9
       7
      11
      15
       9
      22
      18
      16
      13
      13
      25
      23
      12
      25
      17
      16
      22
      16
      26
      20
      19
      21
      21
      15
      28
      23
      21
      16
      25
      22
      14
      22
      20
      20
      14
      20
      10
      25
      31
      27
      27
      24
      27
      28
      24
      21
      24
      36
      28
      23
      29
      25
      29
      37
      27
      28
      22
      25
      22
      18
      21
      26
      23
      27
      22
      22
      29
      30
      35
      29
      38
      30
      34
      33
      29
      44
      35
      58
      47
      51
      45
      69
      50
      71
      72
      72
      70
      82
     103
      96
     101
     122
      98
     124
     119
      99
      92
     109
     112
     122
      97
      95
      99
      93
      74
      85
      71
      76
      76
      58
      44
      33
      43
      33
      25
      26
      22
      19
      12
      14
      13
      14
       7
       7
       5
       9
       7
       8
      10
       5
      10
       6
       8
       5
       8
       4
      11
       8
       6
       3
       7
       6
       3
       6
       5
       5
       5
       6
       3
       6
       6
      10
      11
       3
       4
       8
       7
      13
       8
       8
      10
       6
      13
      12
      13
       9
       8
      10
      15
      12
      13
      16
       8
      18
       8
      10
      14
      15
      15
      23
      11
       9
      12
      13
      15
       7
      12
      21
      17
      13
      11
      15
       8
      13
      12
      10
       3
      14
       6
      10
       9
      15
       8
       7
       7
       7
       4
       8
       6
       9
      13
       7
       7
       4
      11
       7
       7
       6
      10
       5
      11
      12
       9
       9
      11
       9
       9
       7
      12
       9
       8
       4
       8
      13
       9
      11
       6
      16
      10
       7
       9
       6
       8
       3
       3
       7
      14
       7
      10
       7
      12
       9
      11
      10
      16
      11
       7
      14
      13
       5
      12
       4
      10
      12
       8
      11
       9
       5
       9
      11
      13
      12
       6
      16
      11
      11
       6
       9
      12
       5
      10
       9
      14
      10
      14
       9
      10
      10
      11
       6
       6
      11
      13
      11
      11
       8
      11
      10
      13
      10
      10
      15
      10
       7
      13
      13
       4
       8
       9
      13
      10
       9
       9
      12
       7
      11
      14
      10
      17
      11
       8
      11
      11
      14
      16
      15
      12
      13
      18
      13
      13
      12
      13
       9
      12
      13
      12
       4
      17
      11
      14
      18
      13
      15
       8
      12
      11
       6
      11
      12
      11
       9
      17
      11
      11
       6
       9
      11
       9
       8
       8
       8
      10
      12
      13
      10
      12
      10
       5
      13
       6
       9
      14
      12
      10
       7
       4
       6
       7
       5
       5
      10
       5
       3
       8
      12
       5
       5
       7
       7
       5
       9
       6
       5
       5
       8
      10
      11
       7
       3
       6
       7
       8
       6
       5
       7
       4
       8
       3
       1
       9
       8
       5
       3
       2
       5
       3
       4
       9
       5
       5
       4
       6
       2
       8
       4
       7
       4
       3
       2
       5
       6
       6
       9
       4
       3
       5
       4
       6
       2
       3
       4
       2
       2
       2
       5
       0
       4
       8
       3
       7
       5
       3
       3
       5
       5
       3
       3
       4
       4
       5
       4
       4
       4
       2
       2
       3
       1
       8
       4
       2
       4
       2
       2
       3
       6
       6
       3
       3
       2
       1
       3
       3
       5
       5
       1
       3
       3
       2
       0
       1
       3
      10
       2
       3
       1
       6
       3
       2
       3
       2
       4
       4
       1
       1
       1
       4
       4
       4
       2
       5
       3
       4
       1
       3
       3
       2
       4
       6
       4
       6
       0
       6
       2
       7
       2
       2
       5
       8
       3
       5
       2
       4
       3
       4
       3
       3
       8
       2
       4
       4
       4
       4
       3
       2
       4
       5
       6
       5
       5
       7
       5
       8
       5
       7
       3
       6
       7
       4
       1
       4
       3
       4
       8
       5
       4
       7
       4
       5
       2
       5
       6
       6
       7
       5
       9
       6
       3
       6
       4
       1
       5
       5
       3
       6
       6
       6
       8
       7
       2
       3
       5
       4
       4
       5
       6
       6
       5
       5
       6
       7
       4
       3
       4
       1
       8
       8
       6
       6
       7
       5
       0
       2
       1
       4
       3
       1
       3
       5
       7
       3
       9
       2
       7
       5
       9
       0
       9
       2
       8
       7
       6
       8
       9
       8
       3
       5
       6
       4
       3
       7
       7
       5
       4
      10
       4
       8
       8
       6
       9
       4
       4
       6
       4
       3
       2
       4
       5
       4
       3
       7
       3
       4
       4
       2
       6
       3
       9
       6
       5
       3
       7
       5
       3
       1
       4
       1
       9
       3
       7
       1
       5
       4
       4
       5
       3
       5
       7
       4
       2
       4
       1
       1
       7
       0
       4
       6
       4
       8
       0
       4
      11
       9
       2
       4
      12
       4
       6
       4
       2
       5
       9
       4
       4
       6
       7
       5
       4
       5
       8
      10
      11
      11
       8
       6
       4
      11
       3
      12
       6
       4
      10
       4
       8
      10
      14
       7
       9
       7
      10
       9
      12
       5
      10
       7
       9
       9
       9
       8
      12
      11
      12
      11
       9
      11
       7
       8
      12
       8
       5
       9
       9
      18
       8
       8
      10
       5
       8
       8
      11
       9
       9
       5
       8
       4
       5
       5
       8
       9
       3
       8
       7
       5
       7
       6
       5
       6
       7
       2
       2
       7
       9
       8
      11
       8
       6
       6
       6
       8
       2
       2
       6
       2
       5
       1
       2
       4
       3
       4
       5
       2
       3
       3
       4
       7
       3
       3
       3
       4
       6
       0
       3
       2
       5
       2
       4
       5
       2
       0
       5
       3
       0
       5
       5
       4
       4
       2
       0
       3
       3
       1
       3
       3
       1
       6
       2
       5
       4
       2
       4
       3
       4
       2
       0
       1
       2
       4
       5
       1
       3
       2
       2
       3
       3
       5
       3
       4
       3
       2
       1
       4
       3
       2
       2
       4
       2
       1
       2
       2
       2
       2
       1
       2
       3
       2
       3
       1
       1
       2
       1
       0
       1
       2
       1
       3
       2
       6
       3
       2
       3
       0
       0
       1
       4
       1
       0
       3
       1
       2
       2
       1
       2
       3
       1
       2
       1
       2
       0
       1
       2
       3
       2
       3
       0
       3
       2
       1
       0
       0
       1
       2
       2
       1
       3
       0
       0
       1
       2
       0
       1
       1
       1
       2
       4
       2
       2
       0
       1
       1
       0
       0
       2
       1
       2
       0
       1
       3
       4
       2
       1
       2
       2
       2
       1
       0
       2
       2
       1
       2
       1
       1
       1
       2
       2
       1
       0
       0
       1
       1
       2
       1
       0
       1
       2
       1
       2
       0
       0
       0
       1
       0
       2
       0
       2
       1
       1
       1
       2
       0
       0
       1
       0
       0
       0
       1
       0
       2
       1
       2
       1
       0
       0
       0
       0
       0
       0
       0
       1
       0
       0
       0
       1
       0
       1
       0
       0
       0
       1
       0
       0
       0
       0
       0
       1
       1
       0
       0
       0
       1
       1
       0
       0
       1
       1
       1
       0
       1
       1
       0
       1
       2
       0
       1
       0
       3
       0
       1
       0
       0
       0
       0
       1
       0
       0
       0
       0
       2
       0
       1
       0
       0
       0
       0
       0
       0
       0
       0
       1
       1
       0
       0
       0
       1
       1
       1
       1
       0
       2
       0
       1
       0
       0
       0
       0
       2
       0
       1
       0
       0
       0
       0
       0
       0
       1
       0
       0
       1
       2
       1
       1
       0
       1
       0
       0
       0
       0
       1
       1
       0
       1
       0
       1
       1
       1
       1
       2
       0
       1
       0
       0
       1
       0
       0
       0
       1
       0
       0
       0
       0
       0
       0
       0
       0
       0
       0
       0
       0
       0
       0
       0
       0
       0
       0
       0
       0
       0
       0
       0
       0
       0
       1
       1
       0
       0
       0
       1
       0
       0
       0
       0
       2
       0
       1
       1
       0
       0
       0
       0
       0
       0
       0
       0
       0
       0
       1
       0
       0
       1
       0
       1
       0
       0
       0
       0
       0
       0
       0
       0
       0
       0
       0
       0
       0
       0
       0
       1
       0
       1
       0
       1
       0
       0
       0
       0
       0
       0
       1
       0
       0
       0
       0
       0
       0
       0
       0
       0
       0
       0
       0
       1
       0
       0
       0
       0
       0
       0
       0
       0
       0
       0
       1
       0
       0
       0
       0
       0
       0
       0
       0
       0
       0
       0
       0
       0
       0
       1
       0
       0
       0
       0
       0
       0
       0
       0
       0
       0
       0
       0
       0
       1
       0
       0
       0
       1
       0
       0
       0
       0
       0
       0
       0
       0
       0
       0
       0
       1
       0
       0
       0
       0
       0
       0
       0
       1
       0
       0
       0
       0
       0
       0
       0
       0
       0
       0
       0
       0
       0
       0
       0
       0
       0
       0
       0
       0
       0
       1
       0
       0
       0
       0
       0
       0
       1
       0
       0
       0
       0
       0
       1
       0
       1
       0
       0
       0
       0
       0
       1
       0
       0
       0
       0
       0
       0
       0
       0
       0
       0
       0
       0
       0
       0
       1
       0
       1
       0
       1
       0
       0
       0
       0
       0
       0
       0
       0
       0
       0
       0
       0
       1
       0
       0
       0
       0
       1
       0
       0
       0
       0
       0
       0
       0
       0
       1
       0
       0
       0
       0
       0
       0
       0
       0
       0
       0
       0
       0
       0
       0
       1
       0
       0
       0
       0
       1
       0
       0
       1
       0
       0
       0
       0
       0
       2
       0
       0
       1
       0
       0
       0
       0
       0
       0
       0
       0
       0
       0
       1
       0
       0
       0
       0
       0
       0
       0
       0
       0
       1
       0
       0
       1
       0
       0
       0
       0
       0
       0
       0
       2
       0
       0
       0
       1
       0
       0
       0
       0
       0
       0
       0
       0
       0
       0
       0
       0
       0
       0
       0
       0
       0
       0
       0
       0
       0
       0
       0
       1
       0
       0
       0
       1
       0
       0
       0
       0
       0
       0
       0
       0
       1
       0
       0
       1
       0
       0
       0
       0
       0
       0
       0
       0
       1
       0
       0
       0
       0
       0
       0
       0
       0
       0
       0
       0
       0
       0
       0
       0
       0
       0
       0
       0
       0
       0
       0
       0
       0
       0
       0
       0
       1
       0
       0
       0
       0
       0
       0
       0
       0
       0
       0
       0
       0
       0
       0
       0
       0
       0
       0
       0
       0
       0
       0
       0
       0
       0
       0
       0
       0
       0
       0
       0
       0
       0
       0
       0
       0
       0
       0
       0
       0
       0
       0
       0
       0
       0
       0
       0
       0
       0
       0
       0
       0
       0
       0
       0
       0
       0
       0
       0
       0
       0
       0
       0
       0
       0
       0
       0
       0
       0
       0
       0
       0
       0
       0
       0
       0
       0
       0
       0
       0
       1
       0
       0
       1
       0
       0
       0
       0
       0
       0
       0
       0
       1
       0
       0
       0
       0
       0
       0
       0
       0
       0
       0
       1
       0
       1
       0
       0
       0
       0
       0
       0
       0
       0
       0
       0
       0
       0
       0
       0
       0
       0
       1
       0
       0
       0
       1
       0
       0
       0
       0
       0
       0
       0
       0
       0
       0
       0
       0
       0
       0
       1
       0
       0
       0
       0
       0
       1
       0
       0
       0
       0
       0
       0
       0
       0
       1
       0
       0
       0
       0
       0
       0
       0
       0
       1
       0
       0
       0
       0
       0
       0
       0
       0
       0
       0
       0
       0
       0
       0
       0
       1
       0
       0
       0
       0
       0
       0
       0
       0
       0
       0
       0
       0
       0
       0
       0
       0
       0
       0
       0
       0
       0
       0
       0
       0
       0
       0
       0
       0
       1
       0
       0
       0
       0
       0
       0
       0
       0
       0
       0
       0
       0
       0
       0
       0
       0
       0
       0
       0
       0
       0
       0
       0
       0
       0
       0
       0
       0
       0
       0
       0
       0
       0
       0
       0
       0
       0
       0
       0
       0
       0
       0
       0
       0
       0
       0
       0
       0
       0
       0
       0
       0
       0
       0
       0
       0
       0
       0
       0
       0
       0
       0
       0
       0
       0
       0
       0
       0
       0
       0
       0
       0
       0
       0
       0
       0
       0
       0
       0
       0
       0
       1
       0
       0
       0
       0
       0
       0
       0
       0
       0
       0
       0
       0
       0
       0
       0
       0
       0
       0
       1
       0
       0
       0
       0
       0
       0
       0
       0
       0
       0
       0
       0
       0
       0
       0
       0
       0
       0
       0
       0
       0
       0
       0
       0
       0
       0
       0
       0
       0
       0
       0
       0
       0
       0
       0
       0
       0
       1
       0
       0
       0
       0
       0
       0
       0
       0
       0
       0
       0
       1
       0
       0
       0
       0
       0
       0
       0
       0
       0
       0
       0
       0
       0
       0
       0
       0
       0
       0
       0
       0
       0
       0
       0
       0
       0
       0
       0
       0
       0
       0
       0
       0
       0
       0
       0
       0
       0
       0
$ROI:
0
$PRESETS:
None
0
0
$ENER_FIT:
0.000000 0.376604
$MCA_CAL:
3
0.000000E+000 3.766040E-001 0.000000E+000 keV
$SHAPE_CAL:
3
9.515098E+001 0.000000E+000 0.000000E+000
