$SPEC_ID:
Scatter
$SPEC_REM:
DET# 2
DETDESC# JLAB-9 MCB 136
AP# Maestro Version 7.01
$DATE_MEA:
11/16/2022 14:27:54
$MEAS_TIM:
160 189
$DATA:
0 2047
       0
       0
       0
       0
       0
       0
       0
       0
       0
       0
       0
       0
       0
       0
       0
       0
       0
       0
       0
       0
       0
       0
       0
       0
       0
       0
       0
       0
       0
       0
       0
       0
       0
       0
       0
       0
       0
       0
       0
       0
       0
       0
       0
       0
       0
       0
       0
       0
       0
       0
       0
       0
       0
       0
       0
       0
       0
       0
       0
       0
       0
       0
       0
       0
       0
       0
       0
       0
       0
       0
       0
       0
       0
       0
       0
       0
       0
       0
       0
       0
       0
      24
      90
     104
     101
     105
     107
      86
     116
      85
      79
      72
      62
      59
      56
      48
      34
      33
      38
      22
      29
      23
      16
      10
      19
      13
       8
      11
       9
       4
       1
       3
       2
       4
       3
       4
       3
       1
       5
       2
       7
       3
       7
       7
       4
       6
       3
       5
       4
       5
       6
       5
      12
       8
       7
      11
       5
       9
       8
       9
       9
       7
       9
       7
      10
       9
      11
       7
       6
      12
      14
       9
       6
       7
      10
       7
      11
       9
      11
       8
       6
      11
      14
      11
      10
      15
       6
      14
       9
      16
      15
      13
      15
      22
      12
      11
      15
      16
      14
      11
      11
       7
      15
      19
      11
       9
      13
      14
      15
      11
      13
       6
      12
      18
      15
      12
      12
      13
      15
      22
      21
      28
      29
      23
      28
      35
      46
      33
      42
      34
      41
      39
      39
      46
      46
      47
      48
      39
      50
      37
      50
      36
      32
      39
      41
      32
      25
      34
      33
      31
      22
      16
      18
      15
      19
      11
      14
      11
       7
       9
       5
      11
       5
       4
       6
       5
       1
       6
       2
       1
       5
       5
       2
       5
       2
       4
       1
       2
       1
       2
       3
       1
       3
       3
       2
       2
       4
       6
       2
       3
       5
       5
       4
       1
       8
       4
       7
       5
       4
       4
       2
       1
       6
       9
       2
       9
       7
       3
       6
       8
       7
      11
       6
       9
       6
       5
       9
       6
       9
      12
       9
       9
       9
      10
       3
       9
       9
       8
       7
       5
      10
       8
       3
       9
       8
       5
       7
       7
       3
       6
       1
       4
       3
       4
       2
       5
       4
       4
      10
       1
       6
       3
       2
       3
       1
       3
       2
       3
       4
       3
       2
       4
       4
       0
       3
       5
       3
       4
       0
       2
       3
       1
       0
       1
       2
       2
       4
       5
       2
       5
       5
       2
       2
       4
       3
       5
       2
       3
       3
       3
       2
       3
       2
       1
       4
       4
       5
       3
       5
       5
       4
       5
       4
       5
       3
       2
       1
       2
       5
       2
       5
       4
       5
       6
       5
       4
       4
       2
       1
       6
       2
       1
       4
       0
       5
       5
       5
       4
       2
       4
       4
       4
       2
       2
       8
       4
       5
       5
       4
       5
       6
       6
       2
       4
       5
       5
       2
       0
       7
       3
       4
       2
       6
       4
       7
       3
       3
       5
       4
       1
       1
       2
       6
       5
       5
       6
       3
       2
       3
       4
       4
       4
       4
       4
       6
       4
       4
       4
       2
       3
       7
       6
       6
       2
       4
       5
       1
       2
       3
       4
       3
       2
       1
       3
       5
       2
       6
       7
       4
       1
       3
       2
       3
       5
       3
       4
       6
       1
       2
      10
       3
       6
       3
       3
       3
       3
       3
       2
       2
       3
       4
       2
       3
       0
       2
       2
       2
       3
       3
       5
       4
       5
       2
       2
       2
       3
       1
       1
       4
       3
       2
       2
       0
       1
       2
       1
       2
       3
       2
       0
       1
       3
       3
       1
       1
       1
       2
       1
       1
       0
       1
       3
       1
       2
       2
       1
       4
       2
       2
       2
       2
       2
       5
       2
       3
       4
       1
       1
       5
       0
       1
       2
       2
       6
       4
       2
       1
       1
       6
       2
       4
       1
       2
       2
       2
       0
       2
       2
       1
       1
       1
       1
       2
       2
       2
       2
       0
       0
       4
       2
       1
       1
       1
       2
       5
       0
       1
       3
       2
       2
       0
       0
       3
       2
       0
       0
       2
       1
       0
       1
       1
       1
       3
       2
       3
       1
       2
       0
       1
       1
       0
       1
       1
       3
       0
       1
       2
       1
       1
       0
       4
       1
       0
       2
       1
       1
       1
       5
       3
       1
       1
       2
       1
       2
       1
       1
       1
       3
       0
       0
       6
       2
       1
       2
       5
       1
       2
       6
       2
       0
       4
       2
       5
       2
       4
       2
       3
       1
       1
       5
       1
       0
       1
       4
       1
       2
       1
       4
       2
       2
       0
       1
       3
       2
       3
       2
       6
       2
       7
       3
       2
       3
       1
       4
       3
       3
       3
       8
       4
       0
       2
       3
       2
       1
       3
       3
       2
       2
       0
       4
       4
       3
       5
       3
       1
       2
       1
       2
       2
       2
       2
       3
       2
       7
       3
       2
       1
       5
       1
       2
       4
       3
       3
       3
       2
       0
       4
       1
       2
       5
       2
       1
       4
       1
       1
       4
       1
       0
       2
       1
       1
       2
       3
       2
       2
       2
       2
       2
       3
       5
       3
       0
       4
       1
       3
       3
       3
       0
       1
       2
       2
       0
       2
       4
       1
       2
       5
       1
       3
       2
       2
       2
       0
       1
       1
       4
       1
       3
       1
       1
       3
       4
       1
       2
       4
       4
       2
       1
       1
       0
       2
       1
       4
       0
       3
       5
       1
       3
       2
       4
       3
       4
       3
       6
       5
       5
       5
       4
       4
       2
       1
       5
       3
       2
       3
       5
       4
       0
       4
       5
       5
       2
       3
       5
       3
       3
       5
       4
       4
       3
       6
       1
       7
       2
       4
       3
       5
       2
       3
       1
       4
       6
       6
       5
       3
       3
       3
       7
       2
      10
       8
       8
       3
       2
       3
       6
       1
       5
       1
       6
       3
       6
       6
       3
       6
       6
       7
       2
       4
       8
       6
       1
       1
       5
       8
       2
       4
       1
       2
       5
       5
       4
       3
       5
       1
       7
       4
       2
       0
       4
       1
       3
       2
       1
       4
       4
       4
       3
       4
       8
       1
       3
       3
       6
       1
       0
       1
       2
       0
       1
       1
       5
       0
       3
       3
       6
       2
       0
       2
       4
       0
       2
       1
       1
       0
       5
       4
       1
       2
       3
       5
       2
       1
       2
       3
       4
       3
       2
       2
       1
       7
       0
       1
       1
       2
       0
       4
       1
       1
       0
       2
       0
       4
       0
       2
       3
       2
       0
       2
       1
       1
       2
       2
       5
       1
       1
       1
       2
       2
       1
       1
       1
       2
       0
       3
       1
       0
       1
       0
       0
       0
       0
       1
       3
       1
       0
       0
       0
       1
       2
       4
       2
       0
       1
       1
       2
       0
       0
       0
       1
       2
       1
       0
       2
       0
       0
       2
       2
       1
       1
       1
       2
       0
       1
       2
       3
       0
       2
       1
       1
       1
       0
       0
       1
       1
       1
       1
       4
       1
       1
       0
       2
       1
       0
       1
       0
       0
       4
       0
       0
       0
       0
       1
       0
       2
       1
       2
       1
       1
       0
       2
       0
       0
       0
       0
       1
       1
       0
       3
       0
       0
       0
       2
       1
       0
       1
       0
       0
       1
       2
       2
       0
       1
       1
       1
       0
       1
       2
       0
       2
       0
       1
       1
       1
       1
       2
       0
       1
       1
       0
       1
       0
       0
       1
       0
       0
       0
       1
       0
       0
       0
       0
       0
       0
       1
       1
       0
       0
       0
       1
       0
       0
       2
       0
       0
       0
       0
       0
       0
       1
       1
       0
       0
       0
       0
       0
       0
       0
       1
       1
       1
       0
       0
       0
       0
       0
       1
       2
       0
       0
       1
       0
       0
       0
       1
       0
       0
       0
       2
       1
       1
       0
       0
       1
       0
       1
       0
       0
       0
       0
       1
       1
       0
       0
       0
       0
       1
       1
       0
       0
       1
       1
       0
       0
       0
       0
       0
       0
       0
       0
       0
       0
       1
       0
       0
       0
       0
       0
       2
       0
       0
       1
       0
       1
       0
       0
       0
       0
       0
       1
       0
       0
       0
       2
       0
       2
       0
       1
       0
       0
       0
       0
       0
       1
       0
       0
       1
       0
       1
       0
       0
       0
       0
       1
       0
       0
       0
       0
       0
       0
       1
       0
       0
       1
       0
       0
       2
       0
       0
       0
       0
       0
       1
       0
       0
       0
       0
       0
       0
       0
       0
       0
       0
       0
       0
       0
       0
       0
       0
       0
       0
       0
       0
       0
       0
       0
       0
       0
       1
       0
       0
       0
       1
       0
       0
       0
       0
       0
       0
       0
       0
       0
       0
       0
       1
       0
       0
       0
       0
       0
       0
       0
       0
       0
       1
       0
       0
       0
       0
       0
       0
       1
       0
       0
       0
       0
       0
       0
       0
       1
       0
       0
       0
       0
       0
       0
       0
       0
       0
       0
       0
       0
       0
       0
       1
       1
       0
       0
       0
       1
       0
       0
       0
       0
       0
       1
       0
       0
       0
       0
       0
       0
       0
       0
       0
       0
       0
       0
       0
       0
       0
       0
       0
       0
       0
       0
       1
       0
       0
       0
       0
       0
       0
       0
       0
       0
       0
       0
       1
       0
       0
       0
       0
       0
       0
       0
       0
       0
       0
       0
       0
       0
       0
       0
       0
       0
       0
       0
       1
       0
       0
       0
       0
       0
       0
       0
       0
       0
       0
       1
       0
       0
       0
       0
       0
       0
       0
       0
       0
       0
       0
       0
       0
       0
       0
       0
       0
       0
       0
       0
       0
       0
       0
       0
       0
       0
       0
       0
       0
       0
       0
       0
       0
       0
       0
       0
       0
       0
       0
       0
       0
       0
       0
       0
       0
       0
       0
       0
       0
       0
       0
       0
       0
       0
       0
       1
       0
       0
       0
       0
       0
       0
       0
       0
       0
       0
       0
       1
       0
       0
       0
       0
       0
       1
       0
       0
       0
       0
       0
       0
       0
       0
       0
       1
       0
       0
       0
       0
       1
       0
       0
       0
       0
       0
       0
       1
       0
       0
       0
       0
       0
       1
       0
       0
       0
       0
       0
       0
       0
       0
       0
       0
       0
       0
       0
       0
       0
       0
       0
       0
       0
       0
       0
       0
       0
       1
       0
       0
       0
       0
       0
       0
       0
       0
       0
       0
       0
       0
       0
       0
       0
       0
       0
       1
       0
       0
       0
       0
       0
       0
       0
       0
       1
       0
       0
       0
       0
       0
       0
       0
       0
       0
       0
       0
       0
       0
       0
       0
       0
       0
       0
       0
       0
       0
       0
       0
       1
       0
       0
       1
       0
       0
       0
       0
       0
       0
       0
       0
       0
       0
       1
       0
       0
       0
       0
       0
       0
       0
       0
       0
       0
       0
       0
       0
       0
       0
       0
       0
       0
       0
       0
       0
       0
       0
       0
       0
       0
       0
       0
       0
       0
       0
       0
       0
       0
       0
       0
       0
       0
       0
       1
       0
       0
       0
       0
       1
       0
       1
       0
       0
       0
       0
       0
       0
       0
       1
       0
       0
       1
       0
       0
       0
       0
       0
       0
       1
       0
       0
       0
       0
       0
       0
       0
       0
       0
       0
       0
       0
       0
       0
       0
       0
       0
       0
       0
       0
       0
       0
       0
       0
       0
       1
       1
       0
       0
       0
       0
       1
       0
       0
       1
       0
       0
       1
       0
       0
       0
       0
       0
       0
       1
       0
       0
       0
       0
       0
       0
       0
       0
       0
       0
       0
       1
       0
       0
       0
       0
       0
       0
       0
       0
       0
       0
       0
       0
       0
       0
       0
       0
       0
       0
       0
       0
       0
       0
       0
       0
       0
       0
       0
       0
       0
       0
       0
       0
       0
       0
       0
       0
       0
       0
       0
       0
       1
       0
       0
       0
       0
       0
       0
       0
       0
       0
       0
       0
       0
       0
       0
       0
       0
       0
       0
       0
       0
       1
       0
       0
       0
       0
       0
       0
       0
       0
       0
       0
       1
       0
       0
       0
       0
       0
       0
       0
       0
       0
       0
       0
       0
       0
       0
       0
       0
       0
       1
       0
       0
       0
       0
       0
       0
       0
       0
       0
       0
       0
       0
       0
       0
       0
       0
       0
       0
       0
       0
       0
       1
       0
       0
       0
       0
       0
       0
       0
       0
       0
       0
       0
       0
       0
       0
       0
       0
       0
       0
       0
       0
       0
       1
       0
       1
       0
       0
       0
       0
       0
       0
       0
       0
       0
       0
       0
       0
       0
       0
       0
       0
       0
       0
       0
       0
       0
       0
       0
       0
       0
       0
       0
       0
       0
       1
       0
       0
       0
       0
       0
       0
       0
       0
       0
       0
       0
       0
       0
       0
       0
       0
       0
       0
       0
       0
       0
       0
       0
       0
       0
       0
       0
       0
       0
       0
       0
       0
       0
       0
       1
       0
       0
       0
       0
       0
       0
       0
       0
       0
       0
       0
       1
       0
       0
       0
       0
       0
       0
       0
       0
       0
       0
       0
       0
       0
       0
       0
       0
       1
       0
       1
       0
       0
       0
       0
       0
       0
       0
       0
       0
       0
       0
       0
       0
       0
       0
       0
       0
       0
       0
       1
       0
       0
       0
       0
       0
       0
       0
       0
       0
       0
       0
       0
       0
       0
       0
       0
       0
       0
       0
       0
       0
       1
       0
       0
       0
       0
       0
       0
       0
       0
       0
       0
       0
       0
       0
       0
       0
       0
       0
       0
       0
       0
       0
       0
       0
       0
       0
       0
       0
       0
       0
       0
       0
       0
       0
       0
       0
       0
       0
       0
       0
       0
       0
       0
       0
       0
       0
       0
       0
       0
       0
       0
$ROI:
0
$PRESETS:
None
0
0
$ENER_FIT:
0.000000 0.376604
$MCA_CAL:
3
0.000000E+000 3.766040E-001 0.000000E+000 keV
$SHAPE_CAL:
3
9.515098E+001 0.000000E+000 0.000000E+000
