$SPEC_ID:
Target
$SPEC_REM:
DET# 1
DETDESC# JLAB-9 MCB 135
AP# Maestro Version 7.01
$DATE_MEA:
11/21/2022 15:03:50
$MEAS_TIM:
708 737
$DATA:
0 2047
       0
       0
       0
       0
       0
       0
       0
       0
       0
       0
       0
       0
       0
       0
       0
       0
       0
       0
       0
       0
       0
       0
       0
       0
       0
       0
       0
       0
       0
       0
       0
       0
       0
       0
       0
       0
       0
       0
       0
       0
       0
       0
       0
       0
       0
       0
       0
       0
       0
       0
       0
       0
       0
       0
       0
       0
       0
       0
       0
       0
       0
       0
       0
       0
       0
       0
       0
       0
       0
       0
       0
       0
       0
       0
       0
       0
       0
       0
       0
       0
       1
       0
       1
       0
       1
       0
       1
       1
       0
       0
       1
       0
       2
       0
       0
       0
       2
       0
       1
       1
       0
       1
       0
       1
       0
       1
       2
       1
       0
       2
       0
       1
       0
       3
       1
       1
       0
       2
       0
       2
       1
       0
       0
       0
       2
       1
       1
       2
       1
       1
       2
       0
       1
       0
       1
       1
       0
       0
       0
       0
       0
       3
       0
       1
       0
       0
       1
       1
       1
       0
       2
       0
       0
       1
       1
       1
       2
       0
       3
       4
       2
       1
       1
       1
       0
       0
       0
       1
       1
       1
       2
       2
       1
       0
       0
       3
       2
       2
       3
       1
       0
       1
       1
       0
       0
       2
       1
       1
       0
       1
       1
       2
       0
       1
       1
       0
       2
       1
       2
       3
       1
       3
       2
       1
       1
       0
       1
       1
       4
       1
       1
       2
       1
       0
       1
       0
       2
       3
       3
       0
       2
       1
       0
       2
       1
       1
       1
       5
       2
       1
       1
       1
       2
       2
       0
       0
       1
       3
       1
       1
       0
       2
       2
       3
       4
       2
       1
       0
       1
       3
       1
       1
       0
       0
       4
       1
       2
       1
       1
       3
       3
       1
       5
       2
       0
       2
       1
       2
       1
       2
       3
       1
       0
       2
       0
       4
       5
       4
       3
       2
       1
       0
       3
       4
       1
       2
       3
       2
       1
       2
       2
       0
       1
       1
       0
       0
       2
       0
       0
       3
       3
       1
       3
       2
       3
       3
       3
       3
       2
       0
       3
       5
       0
       2
       6
       1
       3
       1
       0
       3
       0
       0
       3
       4
       0
       2
       0
       1
       0
       2
       2
       2
       2
       0
       4
       1
       4
       2
       0
       2
       1
       2
       1
       1
       1
       2
       1
       3
       1
       3
       1
       1
       1
       3
       1
       0
       3
       1
       1
       2
       0
       0
       1
       0
       3
       2
       1
       1
       5
       4
       2
       0
       2
       1
       4
       3
       3
       0
       2
       0
       2
       2
       0
       2
       2
       2
       0
       7
       1
       5
       1
       0
       1
       3
       1
       3
       2
       0
       0
       2
       3
       4
       3
       1
       3
       2
       2
       1
       2
       2
       0
       4
       2
       2
       3
       2
       1
       1
       2
       2
       1
       2
       2
       2
       2
       3
       1
       4
       2
       1
       3
       2
       2
       5
       4
       2
       0
       2
       3
       4
       2
       2
       3
       0
       2
       2
       2
       1
       3
       3
       1
       1
       3
       3
       1
       2
       2
       2
       2
       5
       1
       0
       4
       1
       0
       3
       2
       2
       1
       2
       4
       2
       2
       2
       1
       3
       4
       1
       1
       4
       1
       1
       1
       2
       2
       3
       1
       1
       3
       1
       2
       3
       3
       2
       3
       1
       0
       2
       6
       3
       0
       5
       0
       2
       2
       5
       3
       4
       2
       6
       1
       2
       1
       0
       1
       5
       1
       1
       1
       0
       2
       0
       1
       4
       1
       1
       3
       1
       2
       2
       1
       0
       1
       1
       0
       2
       1
       0
       2
       0
       2
       3
       3
       2
       1
       4
       1
       6
       2
       2
       1
       4
       2
       4
       1
       3
       1
       3
       1
       1
       1
       2
       2
       4
       1
       4
       3
       2
       1
       0
       3
       4
       4
       2
       5
       6
       3
       1
       1
       2
       4
       6
       4
       4
       1
       4
       3
       1
       3
       3
       4
       2
       4
       1
       2
       1
       2
       1
       2
       3
       1
       2
       4
       0
       2
       0
       5
       2
       1
       2
       4
       0
       2
       2
       4
       0
       6
       1
       1
       4
       0
       3
       0
       2
       3
       5
       1
       2
       1
       3
       2
       3
       1
       4
       3
       4
       2
       1
       3
       2
       3
       2
       3
       4
       2
       7
       0
       2
       2
       5
       3
       5
       5
       2
       2
       2
       1
       1
       2
       2
       2
       4
       1
       2
       1
       2
       1
       2
       1
       3
       0
       3
       3
       6
       3
       4
       3
       2
       1
       1
       0
       4
       1
       3
       5
       2
       1
       3
       4
       1
       0
       2
       4
       1
       1
       3
       1
       2
       3
       0
       3
       4
       3
       0
       2
       1
       4
       7
       4
       1
       1
       3
       5
       0
       0
       0
       4
       3
       1
       5
       4
       1
       0
       5
       5
       0
       4
       3
       2
       6
       3
       1
       5
       1
       4
       3
       2
       3
       5
       2
       4
       2
       0
       3
       3
       2
       2
       2
       2
       1
       3
       4
       2
       3
       4
       2
       0
       5
       1
       0
       1
       2
       7
       0
       2
       5
       0
       2
       2
       1
       5
       2
       0
       6
       4
       3
       6
       5
       2
       4
       4
       0
       4
       1
       3
       1
       3
       2
       1
       1
       2
       5
       2
       1
       2
       5
       1
       3
       3
       4
       4
       3
       6
       1
       1
       3
       3
       4
       4
       4
       3
       6
       2
       3
       3
       3
       4
       2
       1
       6
       0
       1
       2
       1
       4
       2
       2
       2
       1
       3
       2
       3
       0
       7
       3
       4
       5
       1
       4
       4
       2
       2
       2
       4
       3
       3
       2
       2
       2
       3
       3
       3
       2
       5
       1
       3
       7
       2
       7
       3
       1
       3
       7
       5
       2
       4
       4
       2
       4
       4
       5
       4
       4
       2
       2
       7
       5
       2
       6
       3
       4
       2
       1
       6
       3
       4
       6
       2
       5
       4
       5
       7
       5
       6
       7
       7
       7
       3
       3
       4
       3
       7
       5
       4
       4
       2
       3
       6
       5
       5
       8
      11
       3
       8
       3
       8
       5
      11
       8
       0
      10
       5
       8
      10
       8
       7
       8
       9
      10
       9
      10
       5
       9
       4
       5
       2
       9
       2
       9
      12
      12
      10
      12
       9
       7
       5
      12
       6
       7
       9
      12
      12
      10
       7
      10
      15
       8
       7
       7
      11
      11
       7
      10
      11
      15
      12
      19
       9
      12
      11
       8
      13
       8
      14
      14
      13
      17
      17
      13
       7
      12
      22
      10
      18
       7
      17
      17
      19
      12
      17
      13
       9
      17
       9
      12
      11
      12
      18
      14
      10
      12
      18
      14
      17
      22
      21
      21
      12
      18
      12
      15
      14
      11
      13
      16
      15
      15
       9
      11
       9
      14
      19
      16
      18
       8
      20
      19
      16
      14
      17
      15
      10
       6
      11
      10
      12
      18
      21
      16
      13
      12
       8
      16
      10
       9
      12
      14
       7
       6
      14
      16
       8
       8
      11
       7
       8
      10
       9
       6
       6
      11
      12
       8
      12
       6
       5
       7
      14
      12
       5
       6
       5
      14
      10
       4
      15
      10
       5
       9
       8
      10
       2
       4
       6
       6
       8
       3
       8
       4
       3
       3
       4
       7
       4
       6
       3
       4
       4
       4
       3
       3
       6
       5
       6
       5
       3
       2
       2
       1
       1
       5
       5
       1
       3
       7
       0
       6
       4
       1
       6
       4
       2
       3
       4
       3
       4
       5
       1
       2
       2
       3
       2
       2
       2
       4
       1
       0
       5
       3
       1
       2
       2
       1
       0
       2
       1
       1
       3
       3
       5
       2
       1
       1
       5
       2
       3
       0
       0
       1
       2
       1
       2
       2
       0
       0
       1
       0
       1
       1
       1
       0
       1
       0
       1
       2
       1
       1
       5
       0
       2
       2
       2
       0
       1
       1
       2
       2
       0
       0
       1
       2
       0
       1
       2
       1
       0
       1
       3
       1
       0
       2
       1
       1
       1
       1
       0
       1
       3
       1
       1
       2
       4
       0
       0
       1
       0
       1
       0
       1
       0
       0
       1
       1
       0
       1
       1
       0
       1
       1
       0
       1
       1
       0
       2
       0
       1
       2
       4
       0
       0
       2
       1
       0
       0
       0
       0
       0
       0
       0
       3
       1
       1
       0
       2
       1
       2
       0
       0
       0
       1
       0
       1
       0
       1
       0
       1
       0
       2
       0
       0
       0
       0
       2
       0
       0
       0
       0
       0
       0
       1
       0
       1
       1
       0
       1
       0
       0
       0
       0
       0
       1
       1
       0
       1
       0
       1
       1
       1
       2
       0
       0
       1
       1
       0
       0
       0
       1
       1
       0
       0
       0
       0
       0
       0
       0
       0
       0
       0
       0
       0
       0
       0
       0
       1
       0
       1
       0
       1
       1
       0
       0
       0
       0
       1
       0
       0
       1
       1
       0
       0
       0
       1
       0
       0
       0
       0
       0
       0
       0
       0
       0
       0
       0
       0
       0
       0
       0
       1
       0
       1
       1
       0
       1
       0
       0
       0
       1
       0
       0
       0
       1
       0
       0
       0
       1
       0
       0
       1
       0
       0
       0
       0
       0
       1
       0
       1
       0
       1
       0
       0
       0
       0
       0
       1
       1
       0
       0
       0
       0
       2
       0
       1
       1
       1
       0
       0
       0
       0
       0
       1
       0
       0
       3
       0
       0
       0
       0
       0
       1
       0
       1
       0
       0
       0
       0
       0
       1
       2
       0
       0
       0
       0
       1
       1
       1
       1
       1
       0
       0
       2
       1
       2
       1
       0
       1
       0
       0
       2
       2
       2
       0
       0
       1
       0
       0
       1
       2
       0
       2
       1
       3
       1
       0
       0
       1
       2
       0
       3
       0
       1
       0
       1
       0
       0
       2
       0
       1
       1
       0
       0
       1
       1
       0
       0
       3
       2
       2
       0
       1
       7
       3
       1
       2
       2
       4
       2
       5
       2
       2
       3
       1
       3
       1
       1
       1
       3
       2
       7
       2
       3
       3
       3
       5
       3
       2
       1
       4
       3
       3
       2
       2
       3
       3
       3
       3
       6
       1
       3
       2
       4
       3
       3
       5
       2
       5
       2
       5
       5
       2
       5
       6
       5
       5
       1
       2
       2
       4
       1
       6
       2
       4
       4
       2
       4
       5
       7
       3
       8
       2
       4
       4
       1
       3
       1
       1
       3
       3
       3
       3
       4
       4
       7
       2
       3
       3
       6
       9
       4
       5
       2
       3
       2
       3
       3
       5
       2
       1
       1
       4
       6
       0
       6
       4
       2
       0
       1
       0
       1
       0
       3
       1
       0
       2
       0
       0
       0
       1
       4
       2
       1
       1
       2
       3
       1
       2
       1
       2
       1
       2
       0
       3
       2
       1
       1
       1
       0
       2
       1
       1
       0
       1
       0
       0
       0
       0
       1
       2
       1
       0
       0
       1
       0
       1
       0
       0
       1
       1
       0
       0
       0
       0
       0
       0
       0
       0
       0
       0
       0
       1
       0
       0
       0
       1
       0
       0
       1
       1
       0
       0
       0
       0
       1
       0
       0
       0
       1
       0
       1
       0
       0
       0
       0
       0
       0
       0
       0
       0
       0
       0
       0
       0
       2
       0
       0
       0
       0
       0
       0
       0
       0
       0
       0
       0
       0
       1
       0
       0
       0
       0
       0
       0
       0
       0
       0
       0
       0
       0
       0
       0
       0
       0
       0
       0
       0
       0
       0
       2
       1
       0
       0
       0
       0
       0
       0
       0
       0
       0
       1
       0
       0
       0
       0
       0
       0
       0
       0
       0
       0
       0
       0
       0
       0
       0
       0
       0
       0
       0
       0
       0
       0
       0
       0
       0
       0
       0
       0
       0
       0
       0
       0
       0
       0
       0
       0
       0
       0
       0
       0
       1
       0
       0
       0
       0
       0
       0
       0
       0
       0
       0
       0
       0
       0
       0
       0
       0
       0
       0
       0
       0
       0
       0
       0
       0
       0
       0
       0
       0
       0
       0
       0
       0
       0
       0
       0
       0
       0
       0
       0
       0
       0
       0
       0
       0
       0
       0
       0
       0
       0
       0
       0
       0
       0
       0
       0
       0
       0
       0
       0
       0
       0
       0
       0
       0
       0
       0
       0
       0
       0
       0
       0
       0
       0
       0
       0
       0
       0
       0
       0
       0
       1
       0
       0
       0
       0
       0
       0
       0
       0
       0
       0
       0
       0
       0
       0
       0
       0
       0
       0
       0
       0
       0
       0
       0
       0
       0
       0
       0
       1
       0
       0
       0
       0
       0
       0
       0
       0
       0
       0
       0
       0
       0
       0
       0
       0
       1
       0
       0
       0
       0
       0
       0
       0
       0
       0
       0
       0
       0
       0
       0
       0
       0
       0
       0
       0
       0
       0
       0
       0
       0
       0
       0
       0
       0
       0
       0
       0
       0
       0
       0
       0
       0
       1
       0
       0
       0
       0
       0
       0
       0
       0
       0
       0
       0
       0
       0
       0
       0
       0
       0
       0
       0
       0
       0
       1
       0
       0
       0
       0
       0
       0
       0
       0
       0
       0
       1
       0
       0
       0
       0
       0
       1
       0
       0
       0
       0
       0
       0
       0
       0
       0
       0
       0
       0
       0
       0
       0
       0
       0
       0
       0
       0
       0
       0
       0
       0
       0
       0
       0
       0
       0
       0
       0
       0
       0
       0
       0
       0
       0
       0
       0
       0
       0
       0
       0
       0
       0
       0
       0
       0
       0
       0
       0
       0
       0
       0
       0
       0
       0
       0
       0
       0
       0
       0
       0
       0
       0
       0
       0
$ROI:
0
$PRESETS:
None
0
0
$ENER_FIT:
0.000000 0.376289
$MCA_CAL:
3
0.000000E+000 3.762887E-001 0.000000E+000 keV
$SHAPE_CAL:
3
1.061399E+002 0.000000E+000 0.000000E+000
