$SPEC_ID:
Scatter
$SPEC_REM:
DET# 2
DETDESC# JLAB-9 MCB 136
AP# Maestro Version 7.01
$DATE_MEA:
11/21/2022 15:03:53
$MEAS_TIM:
729 732
$DATA:
0 2047
       0
       0
       0
       0
       0
       0
       0
       0
       0
       0
       0
       0
       0
       0
       0
       0
       0
       0
       0
       0
       0
       0
       0
       0
       0
       0
       0
       0
       0
       0
       0
       0
       0
       0
       0
       0
       0
       0
       0
       0
       0
       0
       0
       0
       0
       0
       0
       0
       0
       0
       0
       0
       0
       0
       0
       0
       0
       0
       0
       0
       0
       0
       0
       0
       0
       0
       0
       0
       0
       0
       0
       0
       0
       0
       0
       0
       0
       0
       0
       0
       0
       0
       1
       2
       0
       1
       1
       0
       4
       1
       0
       2
       2
       1
       1
       0
       0
       2
       0
       1
       1
       0
       0
       0
       1
       0
       2
       1
       1
       1
       0
       2
       0
       1
       2
       2
       0
       1
       3
       0
       1
       1
       2
       0
       1
       1
       0
       0
       1
       2
       1
       0
       1
       2
       1
       3
       0
       1
       3
       1
       0
       2
       2
       1
       1
       1
       2
       1
       3
       1
       0
       1
       1
       2
       3
       2
       0
       0
       2
       3
       0
       0
       3
       0
       5
       0
       1
       1
       0
       0
       1
       2
       3
       2
       5
       2
       3
       1
       2
       3
       0
       4
       1
       0
       3
       4
       4
       3
       1
       3
       4
       3
       1
       3
       3
       0
       3
       2
       4
       2
       2
       2
       2
       3
       3
       0
       5
       4
       3
       5
       5
       5
       5
       3
       4
       3
       1
       2
       3
       1
       3
       2
       1
       3
       6
       1
       3
       4
       2
       1
       3
       1
      10
       4
       4
       1
       0
       2
       3
       3
       3
       1
       3
       5
       1
       4
       6
       3
       7
       6
       3
       2
       2
       8
       6
       1
       4
       1
       6
       4
       3
       4
       6
       3
       5
       6
       8
       9
       4
       4
       3
       7
       2
       2
       5
       3
       6
       2
       0
       2
       4
       3
       0
       1
       8
       3
       2
       4
       4
       5
       3
       2
       5
       4
       4
       3
       3
       5
       6
       3
       5
       7
       2
       3
       7
       4
       6
       6
      11
       4
       0
       6
       6
       5
       6
       3
       3
       5
       3
       2
       4
       8
       6
       0
       1
       7
       7
       5
       4
       5
       9
       3
       1
       6
       3
       8
       7
       6
       8
       8
       2
       8
       5
       7
       6
       4
      11
       4
       1
       5
       4
       2
       9
       5
       5
       5
       6
       2
       2
       4
       9
       6
       9
       4
       6
      10
       6
       3
      11
       6
      14
       3
       9
       7
       4
       3
       6
       9
       4
       3
       6
       2
       5
       6
       7
       6
       4
       5
       4
       6
       4
       5
       4
       7
       5
       5
       6
       6
       7
       5
       6
       7
       5
       8
       8
       6
       6
       9
       4
       4
       4
       8
       7
       5
       6
       7
       7
       6
       7
       9
      10
       4
       4
      10
       6
       8
       2
       2
       4
       6
       5
       8
       6
       4
       8
       3
       2
       8
       7
       4
       5
      10
      15
       4
       4
       8
       6
      10
       5
      15
       4
       7
       8
      10
       9
      15
       7
       9
       3
       6
       6
       6
       8
       5
       9
       6
       5
       5
      12
      11
       7
       8
       7
       2
       5
       0
       6
       9
       5
       7
       7
      10
      10
       9
       2
      10
       5
      10
       8
       8
       7
       9
      13
      11
       9
      12
      11
      10
       8
       6
      11
      10
       7
      12
      10
       8
      12
      10
      11
      10
      11
      14
      13
      11
       8
      13
      12
      17
      11
      13
      13
      12
      15
      12
      10
      17
      13
      16
      14
      24
      21
      19
      11
      17
      17
      17
      12
      15
      16
      17
      16
      18
      18
      23
      15
      16
      19
      14
      17
      21
      15
      18
      24
      16
      16
      20
      17
      22
      13
      13
      18
      16
      13
      17
      19
      13
      13
      18
      15
      16
      21
      21
      11
      15
      12
      15
      17
      11
      15
       6
      17
       9
      14
      16
      13
      16
       8
      15
      12
      13
      10
      10
      14
       9
       8
      10
      14
      11
       6
      12
      16
       7
      13
      12
      11
       7
      15
       6
       7
       8
       4
       8
       5
       3
      10
       6
      10
       5
       7
       2
       8
       6
       6
       5
       9
       1
       8
       2
       1
       9
       7
       3
       3
       3
       7
       3
       6
       5
       4
       2
       5
       1
       6
       4
       4
       6
       2
       6
       4
       3
       3
       3
       3
       2
       2
       2
       2
       6
       8
       2
       3
       2
       1
       8
       3
       3
       4
       6
       6
       5
       2
       2
       3
       3
       3
       1
       3
       3
       2
       3
       3
       1
       1
       1
       4
       0
       1
       2
       1
       2
       1
       2
       1
       3
       3
       0
       3
       0
       0
       3
       3
       3
       2
       0
       3
       3
       3
       3
       3
       4
       0
       3
       4
       1
       0
       1
       2
       1
       1
       0
       0
       3
       4
       1
       2
       0
       1
       1
       3
       1
       0
       1
       1
       1
       1
       1
       6
       3
       3
       5
       0
       1
       2
       2
       2
       1
       0
       0
       3
       2
       1
       2
       0
       2
       1
       1
       0
       2
       2
       1
       1
       0
       0
       3
       3
       2
       0
       0
       1
       1
       0
       1
       0
       0
       0
       0
       0
       1
       2
       3
       5
       1
       2
       2
       0
       1
       0
       0
       3
       0
       1
       0
       1
       0
       2
       3
       0
       1
       2
       1
       0
       1
       0
       1
       0
       0
       0
       1
       0
       0
       1
       1
       0
       1
       1
       2
       1
       1
       0
       1
       1
       1
       1
       2
       1
       3
       0
       1
       0
       0
       2
       0
       1
       0
       1
       0
       0
       0
       0
       2
       0
       0
       1
       1
       0
       3
       0
       0
       0
       3
       2
       1
       2
       0
       0
       0
       1
       0
       1
       0
       0
       0
       0
       0
       0
       1
       0
       0
       0
       0
       0
       1
       1
       0
       0
       0
       1
       1
       0
       0
       0
       1
       1
       1
       0
       0
       0
       2
       0
       1
       0
       0
       1
       0
       0
       0
       0
       0
       1
       0
       0
       1
       0
       1
       0
       1
       0
       1
       2
       0
       0
       0
       1
       0
       0
       0
       1
       1
       1
       0
       0
       0
       0
       0
       0
       0
       1
       0
       0
       0
       0
       0
       1
       0
       0
       0
       0
       1
       0
       1
       0
       0
       0
       1
       0
       1
       1
       0
       2
       0
       2
       0
       0
       1
       1
       1
       0
       0
       0
       0
       1
       1
       0
       0
       0
       0
       0
       0
       1
       0
       1
       1
       1
       0
       1
       0
       0
       0
       0
       0
       0
       1
       0
       1
       0
       1
       0
       1
       1
       0
       0
       0
       0
       0
       0
       0
       0
       0
       0
       1
       0
       1
       1
       0
       0
       0
       0
       1
       0
       0
       1
       1
       0
       0
       0
       0
       0
       0
       0
       0
       0
       1
       1
       0
       0
       0
       0
       0
       0
       1
       1
       1
       1
       0
       0
       0
       0
       0
       0
       0
       0
       0
       0
       0
       1
       0
       0
       1
       1
       0
       0
       1
       2
       0
       0
       1
       1
       0
       0
       0
       0
       1
       0
       0
       0
       0
       0
       0
       0
       0
       0
       0
       0
       0
       0
       0
       0
       0
       2
       0
       0
       0
       0
       2
       0
       1
       0
       0
       0
       0
       1
       0
       0
       0
       0
       0
       0
       1
       1
       0
       0
       0
       0
       0
       0
       0
       1
       0
       0
       1
       0
       0
       0
       0
       0
       0
       1
       1
       1
       0
       0
       0
       0
       0
       0
       0
       0
       0
       1
       0
       1
       0
       2
       0
       0
       0
       0
       1
       0
       1
       0
       1
       1
       0
       0
       0
       0
       1
       0
       0
       0
       1
       1
       0
       0
       1
       0
       0
       1
       0
       0
       0
       0
       0
       0
       0
       0
       0
       0
       0
       0
       0
       0
       0
       0
       1
       0
       1
       0
       0
       0
       1
       1
       0
       1
       0
       1
       0
       0
       0
       0
       1
       0
       0
       1
       0
       1
       0
       1
       0
       1
       0
       1
       0
       0
       1
       0
       0
       0
       0
       1
       0
       0
       1
       0
       0
       0
       0
       0
       0
       0
       0
       0
       0
       0
       0
       0
       1
       0
       0
       0
       0
       0
       0
       0
       0
       0
       0
       2
       2
       0
       0
       0
       0
       0
       0
       0
       0
       0
       0
       0
       0
       0
       0
       0
       0
       0
       0
       0
       0
       0
       0
       0
       0
       0
       0
       0
       0
       0
       0
       0
       1
       0
       0
       0
       1
       0
       0
       0
       0
       0
       0
       0
       0
       0
       0
       1
       1
       0
       3
       0
       0
       0
       1
       0
       0
       0
       0
       0
       0
       0
       1
       0
       0
       0
       0
       1
       0
       0
       0
       0
       0
       0
       1
       0
       0
       0
       1
       0
       0
       0
       1
       0
       0
       0
       0
       0
       1
       0
       0
       0
       1
       1
       0
       0
       0
       0
       0
       0
       0
       0
       0
       0
       0
       0
       0
       0
       0
       0
       0
       0
       0
       0
       0
       0
       0
       0
       2
       0
       1
       0
       0
       0
       0
       1
       0
       0
       0
       1
       1
       0
       1
       1
       0
       0
       0
       0
       0
       0
       1
       0
       0
       0
       0
       1
       0
       0
       0
       2
       0
       1
       0
       0
       0
       0
       0
       0
       0
       0
       0
       0
       1
       0
       0
       0
       1
       0
       0
       0
       0
       1
       1
       0
       2
       1
       0
       0
       0
       0
       0
       0
       0
       0
       0
       0
       0
       0
       0
       0
       0
       0
       1
       0
       0
       0
       0
       0
       0
       0
       0
       0
       0
       0
       0
       0
       1
       0
       0
       1
       0
       0
       0
       0
       0
       0
       2
       0
       0
       0
       0
       0
       0
       1
       1
       0
       0
       0
       1
       0
       0
       0
       0
       0
       0
       1
       0
       0
       0
       1
       0
       0
       0
       0
       0
       0
       0
       0
       0
       1
       0
       0
       0
       0
       0
       0
       0
       1
       0
       0
       1
       0
       1
       0
       0
       1
       1
       0
       0
       0
       0
       0
       0
       1
       1
       0
       0
       1
       0
       0
       0
       1
       0
       0
       1
       0
       0
       0
       0
       0
       1
       0
       0
       0
       0
       1
       0
       0
       0
       0
       0
       0
       1
       0
       0
       0
       1
       0
       0
       0
       0
       0
       0
       0
       0
       0
       0
       1
       1
       0
       0
       0
       3
       0
       1
       0
       1
       0
       0
       0
       0
       0
       0
       0
       0
       1
       0
       0
       0
       0
       0
       0
       0
       0
       0
       0
       1
       1
       0
       0
       0
       0
       0
       1
       0
       1
       0
       0
       0
       0
       0
       1
       0
       0
       3
       1
       0
       0
       0
       1
       0
       0
       1
       0
       0
       0
       1
       0
       0
       0
       0
       0
       0
       0
       0
       0
       0
       0
       0
       2
       0
       0
       0
       1
       1
       0
       0
       0
       0
       0
       0
       0
       0
       1
       0
       0
       0
       0
       1
       0
       0
       1
       0
       0
       0
       0
       0
       0
       0
       0
       0
       0
       0
       0
       0
       0
       0
       0
       0
       0
       0
       0
       0
       0
       0
       0
       0
       0
       0
       0
       0
       0
       1
       0
       0
       0
       0
       0
       0
       0
       0
       0
       0
       0
       0
       0
       1
       1
       0
       0
       0
       0
       0
       0
       1
       0
       0
       0
       0
       0
       1
       0
       0
       0
       0
       0
       0
       0
       0
       0
       1
       0
       0
       0
       0
       1
       0
       0
       0
       1
       0
       0
       0
       0
       0
       0
       0
       0
       0
       0
       0
       0
       0
       0
       0
       0
       0
       1
       0
       0
       0
       0
       0
       0
       0
       0
       0
       0
       0
       0
       0
       0
       0
       0
       0
       0
       1
       0
       0
       1
       0
       0
       0
       1
       1
       0
       0
       0
       0
       1
       0
       0
       0
       0
       0
       0
       0
       0
       0
       0
       0
       0
       0
       0
       0
       0
       0
       0
       0
       0
       0
       0
       0
       0
       0
       0
       0
       0
       0
       0
       0
       0
       0
       0
       0
       0
       0
       0
       0
       0
       0
       0
       0
       0
       0
       0
       0
       0
       0
       0
       1
       0
       0
       0
       0
       0
       0
       0
       0
       0
       0
       0
       0
       0
       0
       0
       0
       0
       1
       0
       0
       0
       0
       1
       0
       0
       1
       0
       0
       0
       0
       0
       0
       0
       0
       0
       0
       0
       0
       0
       0
       0
       0
       0
       0
       0
       0
       0
       0
       0
       0
       0
       0
       0
       0
       0
       0
       0
       0
       0
       0
       0
       0
       0
       0
       0
       0
       0
       0
       0
       0
       0
       0
       0
       0
       0
       0
       0
       0
       0
       0
       0
       0
       0
       0
       1
       0
       0
       0
       0
       0
       0
       0
       0
       0
       1
       0
       0
       0
       0
       0
       0
       1
       0
       0
       0
       0
       0
       0
       0
       0
       0
       0
       0
       0
       0
       0
       0
       0
       0
       0
       0
       0
       0
       0
       1
       0
       0
       0
       0
       0
       0
       0
       0
       0
       0
       0
       0
       0
       1
       0
       0
       0
       0
       0
       0
       0
       0
       0
       0
       0
       0
       0
       0
       0
       0
       0
       0
       0
       0
       0
       1
       0
       0
       0
       0
       0
       0
       0
       0
       0
       0
       0
       0
       0
       0
       0
       0
       0
       0
       0
       1
       0
       0
       0
       0
       0
       0
       0
       0
       0
       0
       0
       0
       0
       0
       0
       0
       0
       0
       0
       0
       0
       0
       0
       0
       0
       0
       0
       0
       0
       0
       0
       0
       0
       0
       0
       0
       0
$ROI:
0
$PRESETS:
None
0
0
$ENER_FIT:
0.000000 0.376604
$MCA_CAL:
3
0.000000E+000 3.766040E-001 0.000000E+000 keV
$SHAPE_CAL:
3
9.515098E+001 0.000000E+000 0.000000E+000
